IMPEDANCE MEASUREMENT 
3:32:12.744 PM 2026-10-07
Chamber temperature (K): 296.25
Chamber pressure (MPa): 174.9
Description: 	Default
Driving voltage (V): 0.01
Start freq (Hz): 1E+6
Stop freq (Hz): 1E+2
# freq steps: 60
Index #	Frequency (Hz)	Impedance (ohms)	Phase (degrees)
0 	 1000078.125000 	 18.931744 	 35.214016 	
1 	 857765.625000 	 18.039576 	 31.197845 	
2 	 735703.125000 	 17.352783 	 27.460867 	
3 	 630984.375000 	 16.811159 	 23.982897 	
4 	 541171.875000 	 16.400232 	 20.774464 	
5 	 464203.125000 	 16.074003 	 17.845917 	
6 	 398109.375000 	 15.826234 	 15.175581 	
7 	 341484.375000 	 15.653339 	 12.735040 	
8 	 292921.875000 	 15.514169 	 10.562094 	
9 	 251203.140625 	 15.425041 	 8.560284 	
10 	 215484.375000 	 15.363773 	 6.744208 	
11 	 184828.125000 	 15.316122 	 5.071419 	
12 	 158578.125000 	 15.297129 	 3.566792 	
13 	 135984.375000 	 15.293362 	 2.094068 	
14 	 116671.867187 	 15.292941 	 0.709352 	
15 	 100078.125000 	 15.325236 	 -0.646646 	
16 	 85828.125000 	 15.367435 	 -1.988902 	
17 	 73640.625000 	 15.417004 	 -3.355678 	
18 	 63140.625000 	 15.488745 	 -4.737148 	
19 	 54140.625000 	 15.578329 	 -6.195024 	
20 	 46453.125000 	 15.688771 	 -7.701798 	
21 	 39890.625000 	 15.823762 	 -9.313655 	
22 	 34171.875000 	 15.988692 	 -11.068566 	
23 	 29296.875000 	 16.193329 	 -12.941225 	
24 	 25171.875000 	 16.430397 	 -14.947396 	
25 	 21609.375000 	 16.720417 	 -17.141558 	
26 	 18515.625000 	 17.078079 	 -19.574718 	
27 	 15890.625000 	 17.506819 	 -22.191719 	
28 	 13640.625000 	 18.033138 	 -25.020390 	
29 	 11671.875000 	 18.691673 	 -28.137690 	
30 	 10078.125000 	 19.454548 	 -31.282417 	
31 	 8578.125000 	 20.487503 	 -34.938946 	
32 	 7359.375488 	 21.710133 	 -38.545090 	
33 	 6328.125000 	 23.179937 	 -42.195099 	
34 	 5376.838379 	 25.137787 	 -46.156841 	
35 	 4641.543945 	 27.287125 	 -49.683655 	
36 	 3984.374756 	 30.029842 	 -53.170967 	
37 	 3421.875000 	 33.206757 	 -56.529045 	
38 	 2953.125000 	 36.917969 	 -59.566864 	
39 	 2527.573486 	 41.524250 	 -62.534576 	
40 	 2159.926514 	 47.043633 	 -65.286819 	
41 	 1847.956665 	 53.488323 	 -67.761108 	
42 	 1577.524048 	 61.165138 	 -69.956512 	
43 	 1359.375000 	 69.612503 	 -71.843735 	
44 	 1171.875000 	 79.385246 	 -73.487091 	
45 	 998.263855 	 91.649483 	 -75.041260 	
46 	 856.370239 	 105.263481 	 -76.331055 	
47 	 737.847229 	 120.476494 	 -77.449608 	
48 	 627.790161 	 139.757538 	 -78.457726 	
49 	 544.084778 	 159.699661 	 -79.311508 	
50 	 460.379456 	 186.558456 	 -80.099602 	
51 	 397.995270 	 213.670639 	 -80.720787 	
52 	 340.221771 	 247.415207 	 -81.300308 	
53 	 292.968750 	 284.633118 	 -81.781082 	
54 	 252.403839 	 327.010529 	 -82.014183 	
55 	 217.013885 	 376.959106 	 -82.397743 	
56 	 186.011902 	 435.812256 	 -82.737419 	
57 	 158.361496 	 507.084930 	 -83.037346 	
58 	 135.216339 	 588.430054 	 -83.287186 	
59 	 117.187500 	 673.225708 	 -83.484146 	
