IMPEDANCE MEASUREMENT 
10:53:56.619 AM 2026-10-07
Chamber temperature (K): 296.06
Chamber pressure (MPa): 22.65
Description: 	Default
Driving voltage (V): 0.01
Start freq (Hz): 1E+6
Stop freq (Hz): 1E+2
# freq steps: 60
Index #	Frequency (Hz)	Impedance (ohms)	Phase (degrees)
0 	 1000078.125000 	 19.569305 	 33.990570 	
1 	 857765.625000 	 18.714502 	 30.055599 	
2 	 735703.125000 	 18.051914 	 26.368067 	
3 	 630984.375000 	 17.531502 	 22.971453 	
4 	 541171.875000 	 17.128691 	 19.831594 	
5 	 464203.125000 	 16.824511 	 16.994970 	
6 	 398109.375000 	 16.599886 	 14.405818 	
7 	 341484.375000 	 16.427053 	 12.100039 	
8 	 292921.875000 	 16.301601 	 9.975480 	
9 	 251203.140625 	 16.210823 	 8.059034 	
10 	 215484.375000 	 16.150827 	 6.329060 	
11 	 184828.125000 	 16.119997 	 4.733146 	
12 	 158578.125000 	 16.102747 	 3.234011 	
13 	 135984.375000 	 16.089979 	 1.818180 	
14 	 116671.867187 	 16.103117 	 0.475459 	
15 	 100078.125000 	 16.133509 	 -0.829572 	
16 	 85828.125000 	 16.178991 	 -2.143073 	
17 	 73640.625000 	 16.233843 	 -3.460437 	
18 	 63140.625000 	 16.308517 	 -4.832318 	
19 	 54140.625000 	 16.399855 	 -6.268318 	
20 	 46453.125000 	 16.514784 	 -7.772121 	
21 	 39890.625000 	 16.651693 	 -9.352066 	
22 	 34171.875000 	 16.832464 	 -11.090305 	
23 	 29296.875000 	 17.043154 	 -12.958995 	
24 	 25171.875000 	 17.291458 	 -14.956046 	
25 	 21609.375000 	 17.596762 	 -17.150761 	
26 	 18515.625000 	 17.972122 	 -19.555059 	
27 	 15890.625000 	 18.423214 	 -22.165310 	
28 	 13640.625000 	 18.975794 	 -24.985468 	
29 	 11671.875000 	 19.662777 	 -28.086380 	
30 	 10078.125000 	 20.462559 	 -31.214996 	
31 	 8578.125000 	 21.538231 	 -34.879944 	
32 	 7359.375488 	 22.819473 	 -38.472618 	
33 	 6328.125000 	 24.368164 	 -42.122295 	
34 	 5376.838379 	 26.412298 	 -46.114037 	
35 	 4641.543945 	 28.668087 	 -49.650547 	
36 	 3984.374756 	 31.534109 	 -53.107086 	
37 	 3421.875000 	 34.904461 	 -56.508881 	
38 	 2953.125000 	 38.784580 	 -59.542236 	
39 	 2527.573486 	 43.627537 	 -62.549500 	
40 	 2159.926514 	 49.435192 	 -65.298500 	
41 	 1847.956665 	 56.239521 	 -67.728889 	
42 	 1577.524048 	 64.291603 	 -69.948326 	
43 	 1359.375000 	 73.194397 	 -71.777107 	
44 	 1171.875000 	 83.414963 	 -73.425842 	
45 	 998.263855 	 96.269730 	 -74.998169 	
46 	 856.370239 	 110.698074 	 -76.252586 	
47 	 737.847229 	 126.764091 	 -77.364357 	
48 	 627.790161 	 147.047485 	 -78.361305 	
49 	 544.084778 	 167.935257 	 -79.139404 	
50 	 460.379456 	 196.004623 	 -79.959984 	
51 	 397.995270 	 224.458023 	 -80.562935 	
52 	 340.221771 	 259.836029 	 -81.123970 	
53 	 292.968750 	 298.781555 	 -81.586121 	
54 	 252.403839 	 343.220245 	 -81.800301 	
55 	 217.013885 	 395.535553 	 -82.167648 	
56 	 186.011902 	 457.075104 	 -82.482468 	
57 	 158.361496 	 531.639526 	 -82.758675 	
58 	 135.216339 	 616.570435 	 -82.987282 	
59 	 117.187500 	 705.247864 	 -83.159416 	
