IMPEDANCE MEASUREMENT 
2:21:32.513 PM 2026-10-07
Chamber temperature (K): 296.21
Chamber pressure (MPa): 175.14
Description: 	Default
Driving voltage (V): 0.01
Start freq (Hz): 1E+6
Stop freq (Hz): 1E+2
# freq steps: 60
Index #	Frequency (Hz)	Impedance (ohms)	Phase (degrees)
0 	 1000078.125000 	 18.919172 	 35.119442 	
1 	 857765.625000 	 18.050117 	 31.146072 	
2 	 735703.125000 	 17.363804 	 27.413349 	
3 	 630984.375000 	 16.828270 	 23.901699 	
4 	 541171.875000 	 16.415731 	 20.733025 	
5 	 464203.125000 	 16.086136 	 17.831923 	
6 	 398109.375000 	 15.833764 	 15.144228 	
7 	 341484.375000 	 15.656606 	 12.733146 	
8 	 292921.875000 	 15.527977 	 10.529018 	
9 	 251203.140625 	 15.435605 	 8.550499 	
10 	 215484.375000 	 15.369228 	 6.731465 	
11 	 184828.125000 	 15.326214 	 5.098542 	
12 	 158578.125000 	 15.305690 	 3.526347 	
13 	 135984.375000 	 15.292198 	 2.098157 	
14 	 116671.867187 	 15.312152 	 0.678852 	
15 	 100078.125000 	 15.334615 	 -0.667754 	
16 	 85828.125000 	 15.377161 	 -1.995330 	
17 	 73640.625000 	 15.429380 	 -3.364220 	
18 	 63140.625000 	 15.498483 	 -4.734416 	
19 	 54140.625000 	 15.589827 	 -6.191327 	
20 	 46453.125000 	 15.701740 	 -7.709194 	
21 	 39890.625000 	 15.833980 	 -9.318939 	
22 	 34171.875000 	 15.997319 	 -11.062683 	
23 	 29296.875000 	 16.202694 	 -12.934040 	
24 	 25171.875000 	 16.441246 	 -14.951738 	
25 	 21609.375000 	 16.725725 	 -17.157598 	
26 	 18515.625000 	 17.083746 	 -19.567730 	
27 	 15890.625000 	 17.512575 	 -22.192793 	
28 	 13640.625000 	 18.037512 	 -25.022835 	
29 	 11671.875000 	 18.694607 	 -28.150314 	
30 	 10078.125000 	 19.460047 	 -31.300901 	
31 	 8578.125000 	 20.493563 	 -34.956318 	
32 	 7359.375488 	 21.718510 	 -38.576298 	
33 	 6328.125000 	 23.193516 	 -42.225006 	
34 	 5376.838379 	 25.157677 	 -46.180569 	
35 	 4641.543945 	 27.306953 	 -49.707207 	
36 	 3984.374756 	 30.004444 	 -53.214649 	
37 	 3421.875000 	 33.261955 	 -56.611210 	
38 	 2953.125000 	 36.968140 	 -59.611027 	
39 	 2527.573486 	 41.546291 	 -62.619404 	
40 	 2159.926514 	 47.090210 	 -65.374367 	
41 	 1847.956665 	 53.533173 	 -67.796524 	
42 	 1577.524048 	 61.289577 	 -69.991600 	
43 	 1359.375000 	 69.698387 	 -71.810249 	
44 	 1171.875000 	 79.440010 	 -73.471024 	
45 	 998.263855 	 91.698509 	 -75.056938 	
46 	 856.370239 	 105.380127 	 -76.291214 	
47 	 737.847229 	 120.812332 	 -77.382133 	
48 	 627.790161 	 140.155472 	 -78.443474 	
49 	 544.084778 	 159.847504 	 -79.304390 	
50 	 460.379456 	 186.776031 	 -80.075134 	
51 	 397.995270 	 213.914215 	 -80.691376 	
52 	 340.221771 	 247.677872 	 -81.262436 	
53 	 292.968750 	 284.904480 	 -81.740456 	
54 	 252.403839 	 327.457794 	 -81.971489 	
55 	 217.013885 	 377.403198 	 -82.347382 	
56 	 186.011902 	 436.211060 	 -82.678757 	
57 	 158.361496 	 507.483795 	 -82.975357 	
58 	 135.216339 	 588.765076 	 -83.214500 	
59 	 117.187500 	 673.612854 	 -83.394936 	
