IMPEDANCE MEASUREMENT 
9:25:03.392 AM 2026-10-07
Chamber temperature (K): 296.07
Chamber pressure (MPa): 1.54
Description: 	Default
Driving voltage (V): 0.01
Start freq (Hz): 1E+6
Stop freq (Hz): 1E+2
# freq steps: 60
Index #	Frequency (Hz)	Impedance (ohms)	Phase (degrees)
0 	 1000078.125000 	 19.757118 	 33.673706 	
1 	 857765.625000 	 18.899765 	 29.800673 	
2 	 735703.125000 	 18.231747 	 26.138895 	
3 	 630984.375000 	 17.717524 	 22.752237 	
4 	 541171.875000 	 17.323320 	 19.651501 	
5 	 464203.125000 	 17.016745 	 16.821411 	
6 	 398109.375000 	 16.791481 	 14.248310 	
7 	 341484.375000 	 16.623693 	 11.949924 	
8 	 292921.875000 	 16.504564 	 9.881722 	
9 	 251203.140625 	 16.405748 	 7.965674 	
10 	 215484.375000 	 16.351583 	 6.271698 	
11 	 184828.125000 	 16.303953 	 4.692077 	
12 	 158578.125000 	 16.294468 	 3.184499 	
13 	 135984.375000 	 16.287409 	 1.796345 	
14 	 116671.867187 	 16.305267 	 0.454555 	
15 	 100078.125000 	 16.328905 	 -0.830049 	
16 	 85828.125000 	 16.372215 	 -2.127418 	
17 	 73640.625000 	 16.426777 	 -3.445883 	
18 	 63140.625000 	 16.500755 	 -4.811529 	
19 	 54140.625000 	 16.597227 	 -6.225327 	
20 	 46453.125000 	 16.713827 	 -7.714372 	
21 	 39890.625000 	 16.853170 	 -9.299343 	
22 	 34171.875000 	 17.029322 	 -11.022307 	
23 	 29296.875000 	 17.239590 	 -12.869588 	
24 	 25171.875000 	 17.490387 	 -14.853355 	
25 	 21609.375000 	 17.795242 	 -17.036306 	
26 	 18515.625000 	 18.172373 	 -19.424000 	
27 	 15890.625000 	 18.623877 	 -22.010172 	
28 	 13640.625000 	 19.178707 	 -24.829926 	
29 	 11671.875000 	 19.866360 	 -27.904417 	
30 	 10078.125000 	 20.662802 	 -31.022917 	
31 	 8578.125000 	 21.738956 	 -34.653976 	
32 	 7359.375488 	 23.019054 	 -38.272358 	
33 	 6328.125000 	 24.561779 	 -41.907032 	
34 	 5376.838379 	 26.612417 	 -45.889114 	
35 	 4641.543945 	 28.872789 	 -49.422588 	
36 	 3984.374756 	 31.734396 	 -52.927090 	
37 	 3421.875000 	 35.112488 	 -56.300915 	
38 	 2953.125000 	 39.008915 	 -59.356998 	
39 	 2527.573486 	 43.873482 	 -62.366997 	
40 	 2159.926514 	 49.682095 	 -65.094315 	
41 	 1847.956665 	 56.487892 	 -67.556221 	
42 	 1577.524048 	 64.550209 	 -69.792740 	
43 	 1359.375000 	 73.474060 	 -71.669640 	
44 	 1171.875000 	 83.741890 	 -73.260399 	
45 	 998.263855 	 96.678802 	 -74.839272 	
46 	 856.370239 	 111.094681 	 -76.143707 	
47 	 737.847229 	 127.321861 	 -77.230118 	
48 	 627.790161 	 147.673294 	 -78.265541 	
49 	 544.084778 	 168.465088 	 -79.036987 	
50 	 460.379456 	 196.693802 	 -79.864410 	
51 	 397.995270 	 225.220840 	 -80.462448 	
52 	 340.221771 	 260.666046 	 -81.023216 	
53 	 292.968750 	 299.701385 	 -81.481606 	
54 	 252.403839 	 344.057922 	 -81.686157 	
55 	 217.013885 	 396.410095 	 -82.047592 	
56 	 186.011902 	 458.054077 	 -82.374084 	
57 	 158.361496 	 532.656677 	 -82.647934 	
58 	 135.216339 	 617.779907 	 -82.873489 	
59 	 117.187500 	 706.434387 	 -83.045898 	
