IMPEDANCE MEASUREMENT 
5:15:09.347 PM 2026-10-07
Chamber temperature (K): 296.25
Chamber pressure (MPa): 99.81
Description: 	Default
Driving voltage (V): 0.01
Start freq (Hz): 1E+6
Stop freq (Hz): 1E+2
# freq steps: 60
Index #	Frequency (Hz)	Impedance (ohms)	Phase (degrees)
0 	 1000078.125000 	 19.115715 	 34.761967 	
1 	 857765.625000 	 18.229559 	 30.819424 	
2 	 735703.125000 	 17.542315 	 27.092964 	
3 	 630984.375000 	 17.014509 	 23.643944 	
4 	 541171.875000 	 16.602299 	 20.494314 	
5 	 464203.125000 	 16.272577 	 17.568203 	
6 	 398109.375000 	 16.025776 	 14.929706 	
7 	 341484.375000 	 15.854374 	 12.537746 	
8 	 292921.875000 	 15.728144 	 10.364614 	
9 	 251203.140625 	 15.633182 	 8.400482 	
10 	 215484.375000 	 15.571605 	 6.606648 	
11 	 184828.125000 	 15.525053 	 4.955580 	
12 	 158578.125000 	 15.505210 	 3.446972 	
13 	 135984.375000 	 15.501819 	 1.990382 	
14 	 116671.867187 	 15.513892 	 0.609389 	
15 	 100078.125000 	 15.542501 	 -0.732116 	
16 	 85828.125000 	 15.582353 	 -2.071334 	
17 	 73640.625000 	 15.636916 	 -3.427563 	
18 	 63140.625000 	 15.710302 	 -4.813246 	
19 	 54140.625000 	 15.803035 	 -6.250499 	
20 	 46453.125000 	 15.911235 	 -7.778591 	
21 	 39890.625000 	 16.049667 	 -9.381376 	
22 	 34171.875000 	 16.219997 	 -11.133951 	
23 	 29296.875000 	 16.426071 	 -13.020111 	
24 	 25171.875000 	 16.674225 	 -15.033077 	
25 	 21609.375000 	 16.966404 	 -17.234669 	
26 	 18515.625000 	 17.333101 	 -19.659563 	
27 	 15890.625000 	 17.772516 	 -22.268820 	
28 	 13640.625000 	 18.310158 	 -25.099869 	
29 	 11671.875000 	 18.978964 	 -28.228802 	
30 	 10078.125000 	 19.759428 	 -31.369255 	
31 	 8578.125000 	 20.810291 	 -35.021935 	
32 	 7359.375488 	 22.053610 	 -38.624855 	
33 	 6328.125000 	 23.562542 	 -42.276348 	
34 	 5376.838379 	 25.556965 	 -46.248737 	
35 	 4641.543945 	 27.752785 	 -49.783718 	
36 	 3984.374756 	 30.530346 	 -53.269810 	
37 	 3421.875000 	 33.788033 	 -56.638885 	
38 	 2953.125000 	 37.564484 	 -59.653755 	
39 	 2527.573486 	 42.260952 	 -62.608074 	
40 	 2159.926514 	 47.875198 	 -65.356277 	
41 	 1847.956665 	 54.451443 	 -67.813293 	
42 	 1577.524048 	 62.264755 	 -70.051590 	
43 	 1359.375000 	 70.872452 	 -71.825752 	
44 	 1171.875000 	 80.723770 	 -73.479660 	
45 	 998.263855 	 93.303726 	 -74.988960 	
46 	 856.370239 	 107.095818 	 -76.355530 	
47 	 737.847229 	 122.778831 	 -77.432449 	
48 	 627.790161 	 142.375107 	 -78.394951 	
49 	 544.084778 	 162.532089 	 -79.266579 	
50 	 460.379456 	 189.802246 	 -80.043022 	
51 	 397.995270 	 217.373474 	 -80.651085 	
52 	 340.221771 	 251.656296 	 -81.221252 	
53 	 292.968750 	 289.428467 	 -81.695580 	
54 	 252.403839 	 332.564606 	 -81.920433 	
55 	 217.013885 	 383.256256 	 -82.294327 	
56 	 186.011902 	 442.997375 	 -82.623573 	
57 	 158.361496 	 515.306396 	 -82.921265 	
58 	 135.216339 	 597.801025 	 -83.161652 	
59 	 117.187500 	 683.842896 	 -83.347366 	
