IMPEDANCE MEASUREMENT 
1:11:41.583 PM 2026-10-07
Chamber temperature (K): 296.16
Chamber pressure (MPa): 125.2
Description: 	Default
Driving voltage (V): 0.01
Start freq (Hz): 1E+6
Stop freq (Hz): 1E+2
# freq steps: 60
Index #	Frequency (Hz)	Impedance (ohms)	Phase (degrees)
0 	 1000078.125000 	 19.035133 	 34.818062 	
1 	 857765.625000 	 18.151939 	 30.869465 	
2 	 735703.125000 	 17.477108 	 27.146873 	
3 	 630984.375000 	 16.943497 	 23.656904 	
4 	 541171.875000 	 16.531658 	 20.516201 	
5 	 464203.125000 	 16.211487 	 17.655516 	
6 	 398109.375000 	 15.962653 	 15.018389 	
7 	 341484.375000 	 15.785871 	 12.581488 	
8 	 292921.875000 	 15.651819 	 10.416185 	
9 	 251203.140625 	 15.552141 	 8.437091 	
10 	 215484.375000 	 15.497093 	 6.642301 	
11 	 184828.125000 	 15.452465 	 4.995319 	
12 	 158578.125000 	 15.436707 	 3.478447 	
13 	 135984.375000 	 15.433769 	 2.012463 	
14 	 116671.867187 	 15.445690 	 0.631321 	
15 	 100078.125000 	 15.469465 	 -0.703685 	
16 	 85828.125000 	 15.510075 	 -2.053423 	
17 	 73640.625000 	 15.563483 	 -3.402723 	
18 	 63140.625000 	 15.634495 	 -4.798580 	
19 	 54140.625000 	 15.724908 	 -6.248634 	
20 	 46453.125000 	 15.839214 	 -7.751693 	
21 	 39890.625000 	 15.972506 	 -9.363122 	
22 	 34171.875000 	 16.146231 	 -11.119808 	
23 	 29296.875000 	 16.345943 	 -12.997528 	
24 	 25171.875000 	 16.587927 	 -15.005650 	
25 	 21609.375000 	 16.883245 	 -17.206966 	
26 	 18515.625000 	 17.242983 	 -19.640741 	
27 	 15890.625000 	 17.678228 	 -22.254614 	
28 	 13640.625000 	 18.211617 	 -25.112083 	
29 	 11671.875000 	 18.878363 	 -28.220001 	
30 	 10078.125000 	 19.650980 	 -31.380680 	
31 	 8578.125000 	 20.704939 	 -35.040081 	
32 	 7359.375488 	 21.941902 	 -38.665668 	
33 	 6328.125000 	 23.433346 	 -42.311409 	
34 	 5376.838379 	 25.425518 	 -46.261688 	
35 	 4641.543945 	 27.596220 	 -49.800888 	
36 	 3984.374756 	 30.367950 	 -53.292404 	
37 	 3421.875000 	 33.623402 	 -56.615944 	
38 	 2953.125000 	 37.381886 	 -59.669273 	
39 	 2527.573486 	 42.045914 	 -62.679493 	
40 	 2159.926514 	 47.607193 	 -65.380707 	
41 	 1847.956665 	 54.195271 	 -67.856285 	
42 	 1577.524048 	 61.952526 	 -70.036713 	
43 	 1359.375000 	 70.540260 	 -71.847794 	
44 	 1171.875000 	 80.418228 	 -73.509407 	
45 	 998.263855 	 92.877754 	 -75.013443 	
46 	 856.370239 	 106.689949 	 -76.311127 	
47 	 737.847229 	 122.212975 	 -77.382339 	
48 	 627.790161 	 141.705002 	 -78.484497 	
49 	 544.084778 	 161.839081 	 -79.243210 	
50 	 460.379456 	 188.948380 	 -80.031876 	
51 	 397.995270 	 216.389481 	 -80.635345 	
52 	 340.221771 	 250.513519 	 -81.204903 	
53 	 292.968750 	 288.129517 	 -81.667587 	
54 	 252.403839 	 331.082520 	 -81.890045 	
55 	 217.013885 	 381.516113 	 -82.262794 	
56 	 186.011902 	 441.016693 	 -82.584061 	
57 	 158.361496 	 512.889160 	 -82.868835 	
58 	 135.216339 	 594.956299 	 -83.109474 	
59 	 117.187500 	 680.527588 	 -83.292053 	
