IMPEDANCE MEASUREMENT 
10:06:20.425 AM 2026-10-07
Chamber temperature (K): 296.04
Chamber pressure (MPa): 1.28
Description: 	Default
Driving voltage (V): 0.01
Start freq (Hz): 1E+6
Stop freq (Hz): 1E+2
# freq steps: 60
Index #	Frequency (Hz)	Impedance (ohms)	Phase (degrees)
0 	 1000078.125000 	 19.784023 	 33.611862 	
1 	 857765.625000 	 18.926735 	 29.728828 	
2 	 735703.125000 	 18.266087 	 26.081360 	
3 	 630984.375000 	 17.751890 	 22.710951 	
4 	 541171.875000 	 17.349092 	 19.608179 	
5 	 464203.125000 	 17.043308 	 16.770256 	
6 	 398109.375000 	 16.820137 	 14.212346 	
7 	 341484.375000 	 16.643234 	 11.941178 	
8 	 292921.875000 	 16.520271 	 9.850139 	
9 	 251203.140625 	 16.430212 	 7.963752 	
10 	 215484.375000 	 16.370871 	 6.252991 	
11 	 184828.125000 	 16.337732 	 4.665618 	
12 	 158578.125000 	 16.313391 	 3.177961 	
13 	 135984.375000 	 16.311108 	 1.775108 	
14 	 116671.867187 	 16.321297 	 0.463513 	
15 	 100078.125000 	 16.355032 	 -0.859438 	
16 	 85828.125000 	 16.396343 	 -2.155902 	
17 	 73640.625000 	 16.453232 	 -3.476322 	
18 	 63140.625000 	 16.524994 	 -4.825468 	
19 	 54140.625000 	 16.619778 	 -6.251557 	
20 	 46453.125000 	 16.737589 	 -7.742443 	
21 	 39890.625000 	 16.877859 	 -9.325010 	
22 	 34171.875000 	 17.055662 	 -11.047313 	
23 	 29296.875000 	 17.269789 	 -12.896211 	
24 	 25171.875000 	 17.522331 	 -14.890200 	
25 	 21609.375000 	 17.826523 	 -17.064104 	
26 	 18515.625000 	 18.205261 	 -19.465584 	
27 	 15890.625000 	 18.659184 	 -22.059456 	
28 	 13640.625000 	 19.213137 	 -24.857792 	
29 	 11671.875000 	 19.904181 	 -27.960756 	
30 	 10078.125000 	 20.704844 	 -31.085766 	
31 	 8578.125000 	 21.790741 	 -34.713131 	
32 	 7359.375488 	 23.069736 	 -38.312721 	
33 	 6328.125000 	 24.625288 	 -41.953846 	
34 	 5376.838379 	 26.685387 	 -45.942532 	
35 	 4641.543945 	 28.991148 	 -49.391079 	
36 	 3984.374756 	 31.834591 	 -52.938454 	
37 	 3421.875000 	 35.229694 	 -56.354050 	
38 	 2953.125000 	 39.119179 	 -59.405884 	
39 	 2527.573486 	 44.014149 	 -62.400917 	
40 	 2159.926514 	 49.839558 	 -65.182602 	
41 	 1847.956665 	 56.657326 	 -67.623245 	
42 	 1577.524048 	 64.811699 	 -69.852478 	
43 	 1359.375000 	 73.722420 	 -71.694839 	
44 	 1171.875000 	 84.070564 	 -73.341705 	
45 	 998.263855 	 97.097984 	 -74.865730 	
46 	 856.370239 	 111.453293 	 -76.204605 	
47 	 737.847229 	 127.828377 	 -77.290054 	
48 	 627.790161 	 148.128464 	 -78.353378 	
49 	 544.084778 	 169.260956 	 -79.140823 	
50 	 460.379456 	 197.432739 	 -79.881569 	
51 	 397.995270 	 226.065292 	 -80.484161 	
52 	 340.221771 	 261.646729 	 -81.042114 	
53 	 292.968750 	 300.868652 	 -81.496834 	
54 	 252.403839 	 345.540253 	 -81.724640 	
55 	 217.013885 	 398.111786 	 -82.088104 	
56 	 186.011902 	 459.970215 	 -82.393951 	
57 	 158.361496 	 534.873352 	 -82.668129 	
58 	 135.216339 	 620.220581 	 -82.889465 	
59 	 117.187500 	 709.262939 	 -83.055199 	
