IMPEDANCE MEASUREMENT 
11:31:06.457 AM 2026-10-07
Chamber temperature (K): 296.08
Chamber pressure (MPa): 50.62
Description: 	Default
Driving voltage (V): 0.01
Start freq (Hz): 1E+6
Stop freq (Hz): 1E+2
# freq steps: 60
Index #	Frequency (Hz)	Impedance (ohms)	Phase (degrees)
0 	 1000078.125000 	 19.386261 	 34.167671 	
1 	 857765.625000 	 18.510891 	 30.243750 	
2 	 735703.125000 	 17.851540 	 26.541992 	
3 	 630984.375000 	 17.318523 	 23.142706 	
4 	 541171.875000 	 16.927940 	 20.038351 	
5 	 464203.125000 	 16.617241 	 17.199842 	
6 	 398109.375000 	 16.368193 	 14.613708 	
7 	 341484.375000 	 16.191364 	 12.264199 	
8 	 292921.875000 	 16.064966 	 10.107041 	
9 	 251203.140625 	 15.972441 	 8.165146 	
10 	 215484.375000 	 15.910463 	 6.430964 	
11 	 184828.125000 	 15.871343 	 4.810157 	
12 	 158578.125000 	 15.850997 	 3.286601 	
13 	 135984.375000 	 15.849426 	 1.874268 	
14 	 116671.867187 	 15.859676 	 0.530926 	
15 	 100078.125000 	 15.886665 	 -0.787251 	
16 	 85828.125000 	 15.930240 	 -2.124160 	
17 	 73640.625000 	 15.985744 	 -3.452799 	
18 	 63140.625000 	 16.058142 	 -4.824139 	
19 	 54140.625000 	 16.151602 	 -6.255065 	
20 	 46453.125000 	 16.264704 	 -7.762228 	
21 	 39890.625000 	 16.405893 	 -9.372927 	
22 	 34171.875000 	 16.577349 	 -11.101135 	
23 	 29296.875000 	 16.786301 	 -12.975987 	
24 	 25171.875000 	 17.035538 	 -14.974896 	
25 	 21609.375000 	 17.333103 	 -17.166763 	
26 	 18515.625000 	 17.704531 	 -19.583408 	
27 	 15890.625000 	 18.147942 	 -22.176905 	
28 	 13640.625000 	 18.693144 	 -25.012444 	
29 	 11671.875000 	 19.371027 	 -28.136827 	
30 	 10078.125000 	 20.159294 	 -31.269833 	
31 	 8578.125000 	 21.230423 	 -34.917225 	
32 	 7359.375488 	 22.492697 	 -38.534912 	
33 	 6328.125000 	 24.013130 	 -42.185547 	
34 	 5376.838379 	 26.038021 	 -46.156254 	
35 	 4641.543945 	 28.271297 	 -49.681854 	
36 	 3984.374756 	 31.070274 	 -53.200172 	
37 	 3421.875000 	 34.402527 	 -56.566051 	
38 	 2953.125000 	 38.228001 	 -59.601196 	
39 	 2527.573486 	 42.994045 	 -62.580109 	
40 	 2159.926514 	 48.723690 	 -65.317009 	
41 	 1847.956665 	 55.415142 	 -67.725845 	
42 	 1577.524048 	 63.383553 	 -69.983360 	
43 	 1359.375000 	 72.118393 	 -71.732399 	
44 	 1171.875000 	 82.301109 	 -73.481491 	
45 	 998.263855 	 94.903381 	 -75.008820 	
46 	 856.370239 	 109.114174 	 -76.271652 	
47 	 737.847229 	 124.954414 	 -77.310822 	
48 	 627.790161 	 145.039322 	 -78.380821 	
49 	 544.084778 	 165.499313 	 -79.165627 	
50 	 460.379456 	 193.262604 	 -80.004913 	
51 	 397.995270 	 221.326141 	 -80.610870 	
52 	 340.221771 	 256.229156 	 -81.174683 	
53 	 292.968750 	 294.701874 	 -81.636040 	
54 	 252.403839 	 338.627045 	 -81.907898 	
55 	 217.013885 	 390.287415 	 -82.267296 	
56 	 186.011902 	 450.996643 	 -82.579201 	
57 	 158.361496 	 524.504761 	 -82.862251 	
58 	 135.216339 	 608.411682 	 -83.095108 	
59 	 117.187500 	 695.784607 	 -83.278343 	
