IMPEDANCE MEASUREMENT 
4:06:21.502 PM 2026-10-07
Chamber temperature (K): 296.26
Chamber pressure (MPa): 150.69
Description: 	Default
Driving voltage (V): 0.01
Start freq (Hz): 1E+6
Stop freq (Hz): 1E+2
# freq steps: 60
Index #	Frequency (Hz)	Impedance (ohms)	Phase (degrees)
0 	 1000078.125000 	 18.971935 	 35.072357 	
1 	 857765.625000 	 18.079863 	 31.125483 	
2 	 735703.125000 	 17.389647 	 27.371635 	
3 	 630984.375000 	 16.854620 	 23.882711 	
4 	 541171.875000 	 16.430645 	 20.705338 	
5 	 464203.125000 	 16.109438 	 17.785196 	
6 	 398109.375000 	 15.864822 	 15.117467 	
7 	 341484.375000 	 15.690209 	 12.676634 	
8 	 292921.875000 	 15.558995 	 10.494743 	
9 	 251203.140625 	 15.467431 	 8.517222 	
10 	 215484.375000 	 15.401404 	 6.715972 	
11 	 184828.125000 	 15.350470 	 5.058374 	
12 	 158578.125000 	 15.333533 	 3.508757 	
13 	 135984.375000 	 15.328780 	 2.068916 	
14 	 116671.867187 	 15.343167 	 0.663424 	
15 	 100078.125000 	 15.369888 	 -0.665207 	
16 	 85828.125000 	 15.404844 	 -2.017076 	
17 	 73640.625000 	 15.459898 	 -3.373981 	
18 	 63140.625000 	 15.528685 	 -4.771043 	
19 	 54140.625000 	 15.622092 	 -6.207023 	
20 	 46453.125000 	 15.733101 	 -7.739302 	
21 	 39890.625000 	 15.868595 	 -9.326719 	
22 	 34171.875000 	 16.033815 	 -11.079575 	
23 	 29296.875000 	 16.238342 	 -12.959167 	
24 	 25171.875000 	 16.474981 	 -14.983876 	
25 	 21609.375000 	 16.766201 	 -17.177004 	
26 	 18515.625000 	 17.127604 	 -19.594744 	
27 	 15890.625000 	 17.561443 	 -22.218872 	
28 	 13640.625000 	 18.089226 	 -25.059231 	
29 	 11671.875000 	 18.752066 	 -28.165377 	
30 	 10078.125000 	 19.517378 	 -31.308079 	
31 	 8578.125000 	 20.553410 	 -34.953987 	
32 	 7359.375488 	 21.778790 	 -38.572994 	
33 	 6328.125000 	 23.267807 	 -42.231514 	
34 	 5376.838379 	 25.224852 	 -46.188076 	
35 	 4641.543945 	 27.386959 	 -49.695866 	
36 	 3984.374756 	 30.103600 	 -53.224712 	
37 	 3421.875000 	 33.330029 	 -56.569607 	
38 	 2953.125000 	 37.046509 	 -59.616001 	
39 	 2527.573486 	 41.662678 	 -62.571766 	
40 	 2159.926514 	 47.199020 	 -65.323189 	
41 	 1847.956665 	 53.699017 	 -67.728020 	
42 	 1577.524048 	 61.398342 	 -69.943779 	
43 	 1359.375000 	 69.832680 	 -71.816719 	
44 	 1171.875000 	 79.642052 	 -73.467735 	
45 	 998.263855 	 91.969482 	 -74.984726 	
46 	 856.370239 	 105.661247 	 -76.266708 	
47 	 737.847229 	 121.077728 	 -77.369202 	
48 	 627.790161 	 140.333679 	 -78.413986 	
49 	 544.084778 	 160.225998 	 -79.238136 	
50 	 460.379456 	 187.136093 	 -80.041191 	
51 	 397.995270 	 214.325043 	 -80.654808 	
52 	 340.221771 	 248.147705 	 -81.228409 	
53 	 292.968750 	 285.380951 	 -81.700516 	
54 	 252.403839 	 327.882080 	 -81.932076 	
55 	 217.013885 	 377.897217 	 -82.309341 	
56 	 186.011902 	 436.801056 	 -82.644333 	
57 	 158.361496 	 508.085449 	 -82.944962 	
58 	 135.216339 	 589.479919 	 -83.192940 	
59 	 117.187500 	 674.450134 	 -83.391945 	
