IMPEDANCE MEASUREMENT 
12:38:29.465 PM 2026-10-07
Chamber temperature (K): 296.14
Chamber pressure (MPa): 100.27
Description: 	Default
Driving voltage (V): 0.01
Start freq (Hz): 1E+6
Stop freq (Hz): 1E+2
# freq steps: 60
Index #	Frequency (Hz)	Impedance (ohms)	Phase (degrees)
0 	 1000078.125000 	 19.133331 	 34.619728 	
1 	 857765.625000 	 18.259647 	 30.716640 	
2 	 735703.125000 	 17.569107 	 26.969368 	
3 	 630984.375000 	 17.044535 	 23.523642 	
4 	 541171.875000 	 16.641775 	 20.368078 	
5 	 464203.125000 	 16.320972 	 17.520031 	
6 	 398109.375000 	 16.067886 	 14.869507 	
7 	 341484.375000 	 15.892379 	 12.505938 	
8 	 292921.875000 	 15.763578 	 10.331141 	
9 	 251203.140625 	 15.667458 	 8.372796 	
10 	 215484.375000 	 15.601347 	 6.586657 	
11 	 184828.125000 	 15.563460 	 4.951945 	
12 	 158578.125000 	 15.541032 	 3.420813 	
13 	 135984.375000 	 15.538541 	 1.979039 	
14 	 116671.867187 	 15.542447 	 0.592410 	
15 	 100078.125000 	 15.580875 	 -0.732639 	
16 	 85828.125000 	 15.618673 	 -2.062499 	
17 	 73640.625000 	 15.673327 	 -3.422327 	
18 	 63140.625000 	 15.747254 	 -4.807764 	
19 	 54140.625000 	 15.837660 	 -6.240386 	
20 	 46453.125000 	 15.949523 	 -7.755806 	
21 	 39890.625000 	 16.084496 	 -9.358178 	
22 	 34171.875000 	 16.256392 	 -11.105402 	
23 	 29296.875000 	 16.460777 	 -12.981882 	
24 	 25171.875000 	 16.703886 	 -14.992841 	
25 	 21609.375000 	 17.000729 	 -17.195923 	
26 	 18515.625000 	 17.366087 	 -19.614716 	
27 	 15890.625000 	 17.799368 	 -22.222857 	
28 	 13640.625000 	 18.334749 	 -25.061518 	
29 	 11671.875000 	 19.005571 	 -28.180038 	
30 	 10078.125000 	 19.785913 	 -31.324028 	
31 	 8578.125000 	 20.836973 	 -34.979488 	
32 	 7359.375488 	 22.084415 	 -38.593311 	
33 	 6328.125000 	 23.583277 	 -42.247032 	
34 	 5376.838379 	 25.581055 	 -46.208611 	
35 	 4641.543945 	 27.767374 	 -49.755329 	
36 	 3984.374756 	 30.533268 	 -53.226173 	
37 	 3421.875000 	 33.823429 	 -56.575764 	
38 	 2953.125000 	 37.587257 	 -59.647408 	
39 	 2527.573486 	 42.297527 	 -62.628029 	
40 	 2159.926514 	 47.922356 	 -65.329338 	
41 	 1847.956665 	 54.491398 	 -67.835976 	
42 	 1577.524048 	 62.307022 	 -70.011795 	
43 	 1359.375000 	 70.952232 	 -71.884918 	
44 	 1171.875000 	 80.845909 	 -73.464714 	
45 	 998.263855 	 93.251411 	 -75.029251 	
46 	 856.370239 	 107.233864 	 -76.275444 	
47 	 737.847229 	 122.883568 	 -77.416878 	
48 	 627.790161 	 142.510742 	 -78.436493 	
49 	 544.084778 	 162.836517 	 -79.230728 	
50 	 460.379456 	 189.983536 	 -80.044037 	
51 	 397.995270 	 217.599838 	 -80.660057 	
52 	 340.221771 	 251.918930 	 -81.230148 	
53 	 292.968750 	 289.778809 	 -81.702141 	
54 	 252.403839 	 332.931580 	 -81.919975 	
55 	 217.013885 	 383.714325 	 -82.297241 	
56 	 186.011902 	 443.522034 	 -82.622902 	
57 	 158.361496 	 515.976929 	 -82.917503 	
58 	 135.216339 	 598.591370 	 -83.160080 	
59 	 117.187500 	 684.724976 	 -83.337410 	
