IMPEDANCE MEASUREMENT 
10:04:32.557 AM 2026-10-07
Chamber temperature (K): 296.04
Chamber pressure (MPa): 1.92
Description: 	Default
Driving voltage (V): 0.01
Start freq (Hz): 1E+6
Stop freq (Hz): 1E+2
# freq steps: 60
Index #	Frequency (Hz)	Impedance (ohms)	Phase (degrees)
0 	 1000078.125000 	 19.793589 	 33.618572 	
1 	 857765.625000 	 18.930613 	 29.725172 	
2 	 735703.125000 	 18.263597 	 26.079676 	
3 	 630984.375000 	 17.742315 	 22.696072 	
4 	 541171.875000 	 17.347095 	 19.592583 	
5 	 464203.125000 	 17.048601 	 16.775511 	
6 	 398109.375000 	 16.823166 	 14.223101 	
7 	 341484.375000 	 16.647947 	 11.944061 	
8 	 292921.875000 	 16.525988 	 9.850114 	
9 	 251203.140625 	 16.438705 	 7.957462 	
10 	 215484.375000 	 16.371565 	 6.250291 	
11 	 184828.125000 	 16.331379 	 4.655570 	
12 	 158578.125000 	 16.312824 	 3.202600 	
13 	 135984.375000 	 16.311634 	 1.762035 	
14 	 116671.867187 	 16.321301 	 0.442973 	
15 	 100078.125000 	 16.350996 	 -0.847818 	
16 	 85828.125000 	 16.396940 	 -2.151439 	
17 	 73640.625000 	 16.454433 	 -3.473481 	
18 	 63140.625000 	 16.522627 	 -4.836671 	
19 	 54140.625000 	 16.618761 	 -6.261802 	
20 	 46453.125000 	 16.736753 	 -7.746289 	
21 	 39890.625000 	 16.880236 	 -9.339357 	
22 	 34171.875000 	 17.056715 	 -11.051488 	
23 	 29296.875000 	 17.269537 	 -12.905862 	
24 	 25171.875000 	 17.521488 	 -14.898701 	
25 	 21609.375000 	 17.828568 	 -17.078753 	
26 	 18515.625000 	 18.206112 	 -19.466713 	
27 	 15890.625000 	 18.660707 	 -22.072411 	
28 	 13640.625000 	 19.211815 	 -24.872900 	
29 	 11671.875000 	 19.903891 	 -27.981462 	
30 	 10078.125000 	 20.708920 	 -31.096905 	
31 	 8578.125000 	 21.790543 	 -34.728798 	
32 	 7359.375488 	 23.079069 	 -38.338818 	
33 	 6328.125000 	 24.629049 	 -41.990620 	
34 	 5376.838379 	 26.698057 	 -45.969002 	
35 	 4641.543945 	 28.965334 	 -49.499454 	
36 	 3984.374756 	 31.860487 	 -52.969368 	
37 	 3421.875000 	 35.242027 	 -56.359062 	
38 	 2953.125000 	 39.153866 	 -59.431046 	
39 	 2527.573486 	 44.038853 	 -62.413605 	
40 	 2159.926514 	 49.869209 	 -65.169098 	
41 	 1847.956665 	 56.705711 	 -67.657059 	
42 	 1577.524048 	 64.830719 	 -69.827438 	
43 	 1359.375000 	 73.765259 	 -71.710907 	
44 	 1171.875000 	 84.085999 	 -73.344589 	
45 	 998.263855 	 97.148178 	 -74.912468 	
46 	 856.370239 	 111.524307 	 -76.165680 	
47 	 737.847229 	 127.849503 	 -77.245338 	
48 	 627.790161 	 148.154755 	 -78.332520 	
49 	 544.084778 	 169.198624 	 -79.093109 	
50 	 460.379456 	 197.596939 	 -79.894173 	
51 	 397.995270 	 226.251694 	 -80.496407 	
52 	 340.221771 	 261.868958 	 -81.054184 	
53 	 292.968750 	 301.118652 	 -81.513733 	
54 	 252.403839 	 345.817993 	 -81.733574 	
55 	 217.013885 	 398.409180 	 -82.096359 	
56 	 186.011902 	 460.348328 	 -82.403358 	
57 	 158.361496 	 535.290344 	 -82.686646 	
58 	 135.216339 	 620.785889 	 -82.904648 	
59 	 117.187500 	 709.787109 	 -83.067665 	
