IMPEDANCE MEASUREMENT 
12:04:34.254 PM 2026-10-07
Chamber temperature (K): 296.11
Chamber pressure (MPa): 75.04
Description: 	Default
Driving voltage (V): 0.01
Start freq (Hz): 1E+6
Stop freq (Hz): 1E+2
# freq steps: 60
Index #	Frequency (Hz)	Impedance (ohms)	Phase (degrees)
0 	 1000078.125000 	 19.246050 	 34.393200 	
1 	 857765.625000 	 18.371496 	 30.455345 	
2 	 735703.125000 	 17.692137 	 26.759758 	
3 	 630984.375000 	 17.175278 	 23.329763 	
4 	 541171.875000 	 16.770134 	 20.227982 	
5 	 464203.125000 	 16.449608 	 17.355114 	
6 	 398109.375000 	 16.206753 	 14.752712 	
7 	 341484.375000 	 16.024948 	 12.376304 	
8 	 292921.875000 	 15.900883 	 10.225186 	
9 	 251203.140625 	 15.807386 	 8.273011 	
10 	 215484.375000 	 15.744377 	 6.516983 	
11 	 184828.125000 	 15.704455 	 4.869635 	
12 	 158578.125000 	 15.683171 	 3.362842 	
13 	 135984.375000 	 15.671553 	 1.932680 	
14 	 116671.867187 	 15.690917 	 0.569668 	
15 	 100078.125000 	 15.716797 	 -0.767894 	
16 	 85828.125000 	 15.756051 	 -2.094142 	
17 	 73640.625000 	 15.809441 	 -3.436428 	
18 	 63140.625000 	 15.883278 	 -4.805941 	
19 	 54140.625000 	 15.974890 	 -6.263839 	
20 	 46453.125000 	 16.090824 	 -7.753832 	
21 	 39890.625000 	 16.229965 	 -9.357824 	
22 	 34171.875000 	 16.399246 	 -11.098114 	
23 	 29296.875000 	 16.606190 	 -12.976336 	
24 	 25171.875000 	 16.852261 	 -14.978861 	
25 	 21609.375000 	 17.148306 	 -17.172918 	
26 	 18515.625000 	 17.510826 	 -19.593506 	
27 	 15890.625000 	 17.951426 	 -22.202484 	
28 	 13640.625000 	 18.493303 	 -25.022091 	
29 	 11671.875000 	 19.167027 	 -28.147188 	
30 	 10078.125000 	 19.949080 	 -31.289309 	
31 	 8578.125000 	 21.008614 	 -34.931438 	
32 	 7359.375488 	 22.258999 	 -38.564732 	
33 	 6328.125000 	 23.770163 	 -42.224155 	
34 	 5376.838379 	 25.776339 	 -46.169708 	
35 	 4641.543945 	 27.981594 	 -49.722637 	
36 	 3984.374756 	 30.771223 	 -53.223537 	
37 	 3421.875000 	 34.072693 	 -56.581059 	
38 	 2953.125000 	 37.840538 	 -59.616768 	
39 	 2527.573486 	 42.589127 	 -62.592712 	
40 	 2159.926514 	 48.252392 	 -65.313591 	
41 	 1847.956665 	 54.902935 	 -67.754677 	
42 	 1577.524048 	 62.781368 	 -69.974564 	
43 	 1359.375000 	 71.436531 	 -71.802513 	
44 	 1171.875000 	 81.445869 	 -73.463531 	
45 	 998.263855 	 94.080276 	 -74.992813 	
46 	 856.370239 	 108.013329 	 -76.289772 	
47 	 737.847229 	 123.881134 	 -77.373428 	
48 	 627.790161 	 143.543304 	 -78.438431 	
49 	 544.084778 	 163.900894 	 -79.205070 	
50 	 460.379456 	 191.379089 	 -80.026260 	
51 	 397.995270 	 219.167496 	 -80.637589 	
52 	 340.221771 	 253.717636 	 -81.205650 	
53 	 292.968750 	 291.826843 	 -81.679283 	
54 	 252.403839 	 335.328369 	 -81.907112 	
55 	 217.013885 	 386.444763 	 -82.277443 	
56 	 186.011902 	 446.621124 	 -82.599083 	
57 	 158.361496 	 519.511719 	 -82.892654 	
58 	 135.216339 	 602.737854 	 -83.134537 	
59 	 117.187500 	 689.453735 	 -83.324875 	
