IMPEDANCE MEASUREMENT 
5:14:15.218 PM 2026-10-07
Chamber temperature (K): 296.25
Chamber pressure (MPa): 100.06
Description: 	Default
Driving voltage (V): 0.01
Start freq (Hz): 1E+6
Stop freq (Hz): 1E+2
# freq steps: 60
Index #	Frequency (Hz)	Impedance (ohms)	Phase (degrees)
0 	 1000078.125000 	 19.112244 	 34.764687 	
1 	 857765.625000 	 18.226387 	 30.812475 	
2 	 735703.125000 	 17.547377 	 27.088581 	
3 	 630984.375000 	 17.008688 	 23.643829 	
4 	 541171.875000 	 16.590986 	 20.476807 	
5 	 464203.125000 	 16.282642 	 17.590496 	
6 	 398109.375000 	 16.033957 	 14.949297 	
7 	 341484.375000 	 15.848228 	 12.543288 	
8 	 292921.875000 	 15.727015 	 10.371877 	
9 	 251203.140625 	 15.629747 	 8.417000 	
10 	 215484.375000 	 15.572235 	 6.609041 	
11 	 184828.125000 	 15.531836 	 4.957607 	
12 	 158578.125000 	 15.504025 	 3.460227 	
13 	 135984.375000 	 15.506062 	 2.021416 	
14 	 116671.867187 	 15.519814 	 0.601318 	
15 	 100078.125000 	 15.539329 	 -0.715680 	
16 	 85828.125000 	 15.581135 	 -2.071572 	
17 	 73640.625000 	 15.637306 	 -3.425408 	
18 	 63140.625000 	 15.708164 	 -4.813841 	
19 	 54140.625000 	 15.800745 	 -6.255788 	
20 	 46453.125000 	 15.913129 	 -7.785561 	
21 	 39890.625000 	 16.048973 	 -9.385779 	
22 	 34171.875000 	 16.223213 	 -11.146903 	
23 	 29296.875000 	 16.427870 	 -13.022879 	
24 	 25171.875000 	 16.673780 	 -15.027578 	
25 	 21609.375000 	 16.967033 	 -17.236715 	
26 	 18515.625000 	 17.331444 	 -19.653646 	
27 	 15890.625000 	 17.773163 	 -22.269650 	
28 	 13640.625000 	 18.305807 	 -25.103868 	
29 	 11671.875000 	 18.980627 	 -28.221216 	
30 	 10078.125000 	 19.758896 	 -31.351877 	
31 	 8578.125000 	 20.811670 	 -35.014194 	
32 	 7359.375488 	 22.055912 	 -38.642616 	
33 	 6328.125000 	 23.556543 	 -42.293678 	
34 	 5376.838379 	 25.548521 	 -46.237831 	
35 	 4641.543945 	 27.743521 	 -49.779629 	
36 	 3984.374756 	 30.527454 	 -53.277725 	
37 	 3421.875000 	 33.780880 	 -56.599792 	
38 	 2953.125000 	 37.568031 	 -59.686729 	
39 	 2527.573486 	 42.256874 	 -62.669773 	
40 	 2159.926514 	 47.845600 	 -65.373283 	
41 	 1847.956665 	 54.441059 	 -67.778427 	
42 	 1577.524048 	 62.258373 	 -70.007622 	
43 	 1359.375000 	 70.810432 	 -71.854797 	
44 	 1171.875000 	 80.759979 	 -73.452614 	
45 	 998.263855 	 93.258774 	 -74.999153 	
46 	 856.370239 	 107.129974 	 -76.285416 	
47 	 737.847229 	 122.687653 	 -77.442497 	
48 	 627.790161 	 142.438110 	 -78.353874 	
49 	 544.084778 	 162.535706 	 -79.251053 	
50 	 460.379456 	 189.787064 	 -80.036385 	
51 	 397.995270 	 217.351288 	 -80.652420 	
52 	 340.221771 	 251.645508 	 -81.220291 	
53 	 292.968750 	 289.397736 	 -81.697792 	
54 	 252.403839 	 332.555389 	 -81.922119 	
55 	 217.013885 	 383.254242 	 -82.296532 	
56 	 186.011902 	 442.997070 	 -82.628876 	
57 	 158.361496 	 515.260376 	 -82.923149 	
58 	 135.216339 	 597.803772 	 -83.158440 	
59 	 117.187500 	 683.860962 	 -83.336990 	
