IMPEDANCE MEASUREMENT 
9:09:20.591 AM 2026-10-07
Chamber temperature (K): 296.05
Chamber pressure (MPa): 2.54
Description: 	Default
Driving voltage (V): 0.01
Start freq (Hz): 1E+6
Stop freq (Hz): 1E+2
# freq steps: 60
Index #	Frequency (Hz)	Impedance (ohms)	Phase (degrees)
0 	 1000078.125000 	 19.748528 	 33.690109 	
1 	 857765.625000 	 18.897463 	 29.796080 	
2 	 735703.125000 	 18.234261 	 26.143641 	
3 	 630984.375000 	 17.720596 	 22.716707 	
4 	 541171.875000 	 17.316492 	 19.650337 	
5 	 464203.125000 	 17.018435 	 16.818790 	
6 	 398109.375000 	 16.791269 	 14.277359 	
7 	 341484.375000 	 16.617924 	 11.971330 	
8 	 292921.875000 	 16.492758 	 9.892522 	
9 	 251203.140625 	 16.403103 	 7.976101 	
10 	 215484.375000 	 16.342985 	 6.270624 	
11 	 184828.125000 	 16.306555 	 4.688728 	
12 	 158578.125000 	 16.284676 	 3.210918 	
13 	 135984.375000 	 16.285309 	 1.812185 	
14 	 116671.867187 	 16.298218 	 0.455249 	
15 	 100078.125000 	 16.325058 	 -0.838100 	
16 	 85828.125000 	 16.365427 	 -2.140739 	
17 	 73640.625000 	 16.423708 	 -3.467573 	
18 	 63140.625000 	 16.498560 	 -4.813459 	
19 	 54140.625000 	 16.594481 	 -6.238185 	
20 	 46453.125000 	 16.710033 	 -7.726817 	
21 	 39890.625000 	 16.851059 	 -9.310893 	
22 	 34171.875000 	 17.024935 	 -11.042925 	
23 	 29296.875000 	 17.233334 	 -12.893878 	
24 	 25171.875000 	 17.486273 	 -14.885950 	
25 	 21609.375000 	 17.794828 	 -17.053736 	
26 	 18515.625000 	 18.171043 	 -19.456600 	
27 	 15890.625000 	 18.617691 	 -22.045910 	
28 	 13640.625000 	 19.167774 	 -24.837776 	
29 	 11671.875000 	 19.864174 	 -27.940128 	
30 	 10078.125000 	 20.660595 	 -31.070688 	
31 	 8578.125000 	 21.743217 	 -34.695496 	
32 	 7359.375488 	 23.022417 	 -38.310028 	
33 	 6328.125000 	 24.577530 	 -41.956829 	
34 	 5376.838379 	 26.624893 	 -45.939747 	
35 	 4641.543945 	 28.881979 	 -49.473141 	
36 	 3984.374756 	 31.753641 	 -52.983341 	
37 	 3421.875000 	 35.143131 	 -56.348019 	
38 	 2953.125000 	 39.055756 	 -59.424976 	
39 	 2527.573486 	 43.900543 	 -62.426559 	
40 	 2159.926514 	 49.751484 	 -65.184212 	
41 	 1847.956665 	 56.534245 	 -67.602547 	
42 	 1577.524048 	 64.667259 	 -69.850868 	
43 	 1359.375000 	 73.573120 	 -71.657883 	
44 	 1171.875000 	 83.836060 	 -73.351189 	
45 	 998.263855 	 96.848915 	 -74.888855 	
46 	 856.370239 	 111.228302 	 -76.189255 	
47 	 737.847229 	 127.567390 	 -77.326866 	
48 	 627.790161 	 147.911331 	 -78.323067 	
49 	 544.084778 	 168.738007 	 -79.106544 	
50 	 460.379456 	 196.989380 	 -79.898819 	
51 	 397.995270 	 225.570450 	 -80.496170 	
52 	 340.221771 	 261.088287 	 -81.058304 	
53 	 292.968750 	 300.201233 	 -81.518944 	
54 	 252.403839 	 344.132263 	 -81.707451 	
55 	 217.013885 	 396.925873 	 -82.077637 	
56 	 186.011902 	 458.714508 	 -82.388237 	
57 	 158.361496 	 533.527100 	 -82.675331 	
58 	 135.216339 	 618.723389 	 -82.902588 	
59 	 117.187500 	 707.699341 	 -83.056931 	
