IMPEDANCE MEASUREMENT 
9:16:00.779 AM 2026-10-07
Chamber temperature (K): 296.05
Chamber pressure (MPa): 1.74
Description: 	Default
Driving voltage (V): 0.01
Start freq (Hz): 1E+6
Stop freq (Hz): 1E+2
# freq steps: 60
Index #	Frequency (Hz)	Impedance (ohms)	Phase (degrees)
0 	 1000078.125000 	 19.750864 	 33.737469 	
1 	 857765.625000 	 18.890177 	 29.790703 	
2 	 735703.125000 	 18.234253 	 26.138033 	
3 	 630984.375000 	 17.711899 	 22.756523 	
4 	 541171.875000 	 17.313599 	 19.643396 	
5 	 464203.125000 	 17.019560 	 16.826086 	
6 	 398109.375000 	 16.789530 	 14.267609 	
7 	 341484.375000 	 16.613140 	 11.964147 	
8 	 292921.875000 	 16.492613 	 9.862041 	
9 	 251203.140625 	 16.404285 	 8.005796 	
10 	 215484.375000 	 16.349360 	 6.248137 	
11 	 184828.125000 	 16.309464 	 4.683963 	
12 	 158578.125000 	 16.290529 	 3.213596 	
13 	 135984.375000 	 16.285501 	 1.791281 	
14 	 116671.867187 	 16.294888 	 0.475137 	
15 	 100078.125000 	 16.329031 	 -0.829571 	
16 	 85828.125000 	 16.368645 	 -2.134870 	
17 	 73640.625000 	 16.426048 	 -3.448225 	
18 	 63140.625000 	 16.496046 	 -4.802834 	
19 	 54140.625000 	 16.589088 	 -6.236279 	
20 	 46453.125000 	 16.708902 	 -7.717345 	
21 	 39890.625000 	 16.849237 	 -9.307054 	
22 	 34171.875000 	 17.023832 	 -11.026501 	
23 	 29296.875000 	 17.236237 	 -12.876466 	
24 	 25171.875000 	 17.487906 	 -14.859982 	
25 	 21609.375000 	 17.796213 	 -17.020960 	
26 	 18515.625000 	 18.167624 	 -19.420055 	
27 	 15890.625000 	 18.620461 	 -22.005611 	
28 	 13640.625000 	 19.168419 	 -24.816288 	
29 	 11671.875000 	 19.857965 	 -27.898785 	
30 	 10078.125000 	 20.651537 	 -31.025267 	
31 	 8578.125000 	 21.741291 	 -34.658077 	
32 	 7359.375488 	 23.013168 	 -38.265129 	
33 	 6328.125000 	 24.554169 	 -41.910915 	
34 	 5376.838379 	 26.602116 	 -45.892029 	
35 	 4641.543945 	 28.858576 	 -49.417015 	
36 	 3984.374756 	 31.736467 	 -52.932106 	
37 	 3421.875000 	 35.111233 	 -56.275684 	
38 	 2953.125000 	 39.001911 	 -59.365005 	
39 	 2527.573486 	 43.861603 	 -62.375671 	
40 	 2159.926514 	 49.657120 	 -65.108147 	
41 	 1847.956665 	 56.451954 	 -67.560539 	
42 	 1577.524048 	 64.605782 	 -69.780296 	
43 	 1359.375000 	 73.460655 	 -71.615784 	
44 	 1171.875000 	 83.783836 	 -73.285912 	
45 	 998.263855 	 96.610062 	 -74.848679 	
46 	 856.370239 	 111.071121 	 -76.145470 	
47 	 737.847229 	 127.125793 	 -77.233490 	
48 	 627.790161 	 147.600906 	 -78.329155 	
49 	 544.084778 	 168.363586 	 -79.069923 	
50 	 460.379456 	 196.604858 	 -79.861282 	
51 	 397.995270 	 225.136444 	 -80.464912 	
52 	 340.221771 	 260.552338 	 -81.025108 	
53 	 292.968750 	 299.608246 	 -81.481575 	
54 	 252.403839 	 343.306396 	 -81.674171 	
55 	 217.013885 	 395.972198 	 -82.040146 	
56 	 186.011902 	 457.781708 	 -82.356758 	
57 	 158.361496 	 532.423340 	 -82.641647 	
58 	 135.216339 	 617.393311 	 -82.873909 	
59 	 117.187500 	 706.058533 	 -83.030075 	
