IMPEDANCE MEASUREMENT 
4:40:09.840 PM 2026-10-07
Chamber temperature (K): 296.26
Chamber pressure (MPa): 124.6
Description: 	Default
Driving voltage (V): 0.01
Start freq (Hz): 1E+6
Stop freq (Hz): 1E+2
# freq steps: 60
Index #	Frequency (Hz)	Impedance (ohms)	Phase (degrees)
0 	 1000078.125000 	 19.024189 	 34.947670 	
1 	 857765.625000 	 18.139574 	 30.990078 	
2 	 735703.125000 	 17.454876 	 27.269794 	
3 	 630984.375000 	 16.919809 	 23.764139 	
4 	 541171.875000 	 16.501835 	 20.610924 	
5 	 464203.125000 	 16.179592 	 17.716013 	
6 	 398109.375000 	 15.937133 	 15.030191 	
7 	 341484.375000 	 15.757087 	 12.625500 	
8 	 292921.875000 	 15.625727 	 10.451160 	
9 	 251203.140625 	 15.535261 	 8.448952 	
10 	 215484.375000 	 15.471727 	 6.656466 	
11 	 184828.125000 	 15.424236 	 5.010991 	
12 	 158578.125000 	 15.413061 	 3.501025 	
13 	 135984.375000 	 15.393906 	 2.036046 	
14 	 116671.867187 	 15.412930 	 0.661301 	
15 	 100078.125000 	 15.441929 	 -0.702228 	
16 	 85828.125000 	 15.480243 	 -2.037341 	
17 	 73640.625000 	 15.533082 	 -3.403594 	
18 	 63140.625000 	 15.602933 	 -4.800777 	
19 	 54140.625000 	 15.695841 	 -6.232676 	
20 	 46453.125000 	 15.808898 	 -7.761611 	
21 	 39890.625000 	 15.944936 	 -9.355586 	
22 	 34171.875000 	 16.118307 	 -11.108522 	
23 	 29296.875000 	 16.315670 	 -12.991856 	
24 	 25171.875000 	 16.563208 	 -14.999013 	
25 	 21609.375000 	 16.859259 	 -17.196735 	
26 	 18515.625000 	 17.219957 	 -19.630684 	
27 	 15890.625000 	 17.652117 	 -22.234293 	
28 	 13640.625000 	 18.183628 	 -25.091656 	
29 	 11671.875000 	 18.852007 	 -28.190159 	
30 	 10078.125000 	 19.622240 	 -31.349140 	
31 	 8578.125000 	 20.661711 	 -34.991920 	
32 	 7359.375488 	 21.898981 	 -38.599281 	
33 	 6328.125000 	 23.398033 	 -42.247936 	
34 	 5376.838379 	 25.367918 	 -46.191505 	
35 	 4641.543945 	 27.544861 	 -49.742504 	
36 	 3984.374756 	 30.283726 	 -53.254311 	
37 	 3421.875000 	 33.559448 	 -56.571899 	
38 	 2953.125000 	 37.231491 	 -59.632385 	
39 	 2527.573486 	 41.910065 	 -62.604923 	
40 	 2159.926514 	 47.480606 	 -65.336166 	
41 	 1847.956665 	 54.004848 	 -67.759369 	
42 	 1577.524048 	 61.760723 	 -69.985001 	
43 	 1359.375000 	 70.332489 	 -71.810295 	
44 	 1171.875000 	 80.164650 	 -73.444160 	
45 	 998.263855 	 92.482071 	 -75.011299 	
46 	 856.370239 	 106.269981 	 -76.280159 	
47 	 737.847229 	 121.814964 	 -77.413918 	
48 	 627.790161 	 141.237152 	 -78.401268 	
49 	 544.084778 	 161.302124 	 -79.266068 	
50 	 460.379456 	 188.315262 	 -80.060387 	
51 	 397.995270 	 215.680267 	 -80.671280 	
52 	 340.221771 	 249.705536 	 -81.244987 	
53 	 292.968750 	 287.227417 	 -81.717705 	
54 	 252.403839 	 330.075653 	 -81.952179 	
55 	 217.013885 	 380.409454 	 -82.332207 	
56 	 186.011902 	 439.722534 	 -82.664612 	
57 	 158.361496 	 511.532013 	 -82.955551 	
58 	 135.216339 	 593.437866 	 -83.201073 	
59 	 117.187500 	 678.897522 	 -83.398750 	
