IMPEDANCE MEASUREMENT 
2:55:10.964 PM 2026-10-07
Chamber temperature (K): 296.25
Chamber pressure (MPa): 200.31
Description: 	Default
Driving voltage (V): 0.01
Start freq (Hz): 1E+6
Stop freq (Hz): 1E+2
# freq steps: 60
Index #	Frequency (Hz)	Impedance (ohms)	Phase (degrees)
0 	 1000078.125000 	 18.916264 	 35.197746 	
1 	 857765.625000 	 18.030750 	 31.228937 	
2 	 735703.125000 	 17.326342 	 27.448950 	
3 	 630984.375000 	 16.786215 	 23.976440 	
4 	 541171.875000 	 16.381411 	 20.790150 	
5 	 464203.125000 	 16.060587 	 17.878643 	
6 	 398109.375000 	 15.802136 	 15.188918 	
7 	 341484.375000 	 15.623091 	 12.765471 	
8 	 292921.875000 	 15.494323 	 10.551222 	
9 	 251203.140625 	 15.401259 	 8.577742 	
10 	 215484.375000 	 15.337043 	 6.752091 	
11 	 184828.125000 	 15.288556 	 5.100486 	
12 	 158578.125000 	 15.269627 	 3.567871 	
13 	 135984.375000 	 15.267035 	 2.113829 	
14 	 116671.867187 	 15.282544 	 0.721407 	
15 	 100078.125000 	 15.306241 	 -0.636895 	
16 	 85828.125000 	 15.342350 	 -1.976167 	
17 	 73640.625000 	 15.395735 	 -3.329616 	
18 	 63140.625000 	 15.468221 	 -4.717940 	
19 	 54140.625000 	 15.554354 	 -6.166604 	
20 	 46453.125000 	 15.662708 	 -7.685830 	
21 	 39890.625000 	 15.800362 	 -9.291739 	
22 	 34171.875000 	 15.960909 	 -11.037965 	
23 	 29296.875000 	 16.161436 	 -12.925636 	
24 	 25171.875000 	 16.401842 	 -14.914353 	
25 	 21609.375000 	 16.692234 	 -17.117373 	
26 	 18515.625000 	 17.041733 	 -19.528204 	
27 	 15890.625000 	 17.468872 	 -22.158247 	
28 	 13640.625000 	 17.993149 	 -24.980865 	
29 	 11671.875000 	 18.651102 	 -28.100149 	
30 	 10078.125000 	 19.404242 	 -31.249077 	
31 	 8578.125000 	 20.434969 	 -34.888927 	
32 	 7359.375488 	 21.650879 	 -38.524105 	
33 	 6328.125000 	 23.126570 	 -42.167130 	
34 	 5376.838379 	 25.068260 	 -46.115025 	
35 	 4641.543945 	 27.223169 	 -49.679733 	
36 	 3984.374756 	 29.929445 	 -53.178661 	
37 	 3421.875000 	 33.119457 	 -56.555763 	
38 	 2953.125000 	 36.812260 	 -59.613136 	
39 	 2527.573486 	 41.417557 	 -62.583595 	
40 	 2159.926514 	 46.908798 	 -65.280205 	
41 	 1847.956665 	 53.323677 	 -67.785721 	
42 	 1577.524048 	 60.982685 	 -70.043694 	
43 	 1359.375000 	 69.365997 	 -71.820839 	
44 	 1171.875000 	 79.099136 	 -73.478226 	
45 	 998.263855 	 91.421532 	 -75.079987 	
46 	 856.370239 	 105.083206 	 -76.328743 	
47 	 737.847229 	 120.230042 	 -77.446564 	
48 	 627.790161 	 139.614975 	 -78.496422 	
49 	 544.084778 	 159.398285 	 -79.254036 	
50 	 460.379456 	 186.024658 	 -80.117462 	
51 	 397.995270 	 213.069977 	 -80.739967 	
52 	 340.221771 	 246.729919 	 -81.322174 	
53 	 292.968750 	 283.814392 	 -81.801506 	
54 	 252.403839 	 326.217621 	 -82.034859 	
55 	 217.013885 	 376.055786 	 -82.424957 	
56 	 186.011902 	 434.751862 	 -82.759827 	
57 	 158.361496 	 505.941162 	 -83.060715 	
58 	 135.216339 	 586.980408 	 -83.305618 	
59 	 117.187500 	 671.689636 	 -83.497643 	
