IMPEDANCE MEASUREMENT 
1:46:04.214 PM 2026-10-07
Chamber temperature (K): 296.21
Chamber pressure (MPa): 150.97
Description: 	Default
Driving voltage (V): 0.01
Start freq (Hz): 1E+6
Stop freq (Hz): 1E+2
# freq steps: 60
Index #	Frequency (Hz)	Impedance (ohms)	Phase (degrees)
0 	 1000078.125000 	 18.973726 	 34.995571 	
1 	 857765.625000 	 18.099258 	 31.037163 	
2 	 735703.125000 	 17.406580 	 27.275043 	
3 	 630984.375000 	 16.876944 	 23.829573 	
4 	 541171.875000 	 16.458797 	 20.663858 	
5 	 464203.125000 	 16.138250 	 17.733376 	
6 	 398109.375000 	 15.886518 	 15.080593 	
7 	 341484.375000 	 15.701276 	 12.658187 	
8 	 292921.875000 	 15.575195 	 10.467744 	
9 	 251203.140625 	 15.480123 	 8.510879 	
10 	 215484.375000 	 15.416522 	 6.709592 	
11 	 184828.125000 	 15.381269 	 5.038766 	
12 	 158578.125000 	 15.354243 	 3.505432 	
13 	 135984.375000 	 15.357122 	 2.053308 	
14 	 116671.867187 	 15.363632 	 0.668237 	
15 	 100078.125000 	 15.390256 	 -0.682126 	
16 	 85828.125000 	 15.430392 	 -2.025534 	
17 	 73640.625000 	 15.484248 	 -3.380592 	
18 	 63140.625000 	 15.553381 	 -4.770512 	
19 	 54140.625000 	 15.645440 	 -6.230170 	
20 	 46453.125000 	 15.755127 	 -7.733922 	
21 	 39890.625000 	 15.894327 	 -9.342236 	
22 	 34171.875000 	 16.061333 	 -11.094303 	
23 	 29296.875000 	 16.262712 	 -12.979372 	
24 	 25171.875000 	 16.499561 	 -14.991246 	
25 	 21609.375000 	 16.793226 	 -17.185354 	
26 	 18515.625000 	 17.154291 	 -19.621656 	
27 	 15890.625000 	 17.584913 	 -22.237043 	
28 	 13640.625000 	 18.113779 	 -25.076984 	
29 	 11671.875000 	 18.775717 	 -28.221939 	
30 	 10078.125000 	 19.544748 	 -31.362007 	
31 	 8578.125000 	 20.588089 	 -35.023449 	
32 	 7359.375488 	 21.819227 	 -38.639233 	
33 	 6328.125000 	 23.310238 	 -42.284611 	
34 	 5376.838379 	 25.286018 	 -46.250595 	
35 	 4641.543945 	 27.458071 	 -49.778156 	
36 	 3984.374756 	 30.186968 	 -53.312439 	
37 	 3421.875000 	 33.441277 	 -56.644882 	
38 	 2953.125000 	 37.149220 	 -59.671627 	
39 	 2527.573486 	 41.770462 	 -62.679405 	
40 	 2159.926514 	 47.390453 	 -65.402084 	
41 	 1847.956665 	 53.892643 	 -67.809601 	
42 	 1577.524048 	 61.618660 	 -70.058311 	
43 	 1359.375000 	 70.111221 	 -71.838158 	
44 	 1171.875000 	 79.930405 	 -73.479660 	
45 	 998.263855 	 92.279404 	 -75.050766 	
46 	 856.370239 	 106.001518 	 -76.356209 	
47 	 737.847229 	 121.565971 	 -77.430626 	
48 	 627.790161 	 140.993469 	 -78.452232 	
49 	 544.084778 	 160.853561 	 -79.281731 	
50 	 460.379456 	 187.917618 	 -80.074722 	
51 	 397.995270 	 215.219864 	 -80.685043 	
52 	 340.221771 	 249.196259 	 -81.259064 	
53 	 292.968750 	 286.633942 	 -81.725922 	
54 	 252.403839 	 329.397614 	 -81.955040 	
55 	 217.013885 	 379.653900 	 -82.334068 	
56 	 186.011902 	 438.787994 	 -82.662735 	
57 	 158.361496 	 510.522278 	 -82.954491 	
58 	 135.216339 	 592.326538 	 -83.196449 	
59 	 117.187500 	 677.629517 	 -83.377296 	
