IMPEDANCE MEASUREMENT 
12:37:35.395 PM 2026-10-07
Chamber temperature (K): 296.14
Chamber pressure (MPa): 100.47
Description: 	Default
Driving voltage (V): 0.01
Start freq (Hz): 1E+6
Stop freq (Hz): 1E+2
# freq steps: 60
Index #	Frequency (Hz)	Impedance (ohms)	Phase (degrees)
0 	 1000078.125000 	 19.132387 	 34.658878 	
1 	 857765.625000 	 18.249548 	 30.702763 	
2 	 735703.125000 	 17.573046 	 26.986803 	
3 	 630984.375000 	 17.038038 	 23.565220 	
4 	 541171.875000 	 16.637701 	 20.378548 	
5 	 464203.125000 	 16.319031 	 17.537865 	
6 	 398109.375000 	 16.064329 	 14.900964 	
7 	 341484.375000 	 15.894921 	 12.492278 	
8 	 292921.875000 	 15.758328 	 10.343048 	
9 	 251203.140625 	 15.665298 	 8.379247 	
10 	 215484.375000 	 15.605422 	 6.583626 	
11 	 184828.125000 	 15.559523 	 4.958892 	
12 	 158578.125000 	 15.544925 	 3.420860 	
13 	 135984.375000 	 15.541342 	 1.958211 	
14 	 116671.867187 	 15.550699 	 0.602495 	
15 	 100078.125000 	 15.576944 	 -0.736332 	
16 	 85828.125000 	 15.618060 	 -2.059007 	
17 	 73640.625000 	 15.673639 	 -3.421110 	
18 	 63140.625000 	 15.745275 	 -4.794764 	
19 	 54140.625000 	 15.840170 	 -6.249197 	
20 	 46453.125000 	 15.947909 	 -7.768993 	
21 	 39890.625000 	 16.086050 	 -9.358793 	
22 	 34171.875000 	 16.255756 	 -11.107707 	
23 	 29296.875000 	 16.459093 	 -12.983272 	
24 	 25171.875000 	 16.701872 	 -14.990868 	
25 	 21609.375000 	 16.999987 	 -17.193251 	
26 	 18515.625000 	 17.365250 	 -19.614609 	
27 	 15890.625000 	 17.798166 	 -22.237431 	
28 	 13640.625000 	 18.336821 	 -25.067537 	
29 	 11671.875000 	 19.005131 	 -28.180342 	
30 	 10078.125000 	 19.783615 	 -31.312048 	
31 	 8578.125000 	 20.839140 	 -35.003544 	
32 	 7359.375488 	 22.074865 	 -38.604584 	
33 	 6328.125000 	 23.577396 	 -42.256962 	
34 	 5376.838379 	 25.576660 	 -46.219555 	
35 	 4641.543945 	 27.774017 	 -49.759384 	
36 	 3984.374756 	 30.528973 	 -53.254765 	
37 	 3421.875000 	 33.825630 	 -56.604137 	
38 	 2953.125000 	 37.598019 	 -59.664997 	
39 	 2527.573486 	 42.297741 	 -62.605587 	
40 	 2159.926514 	 47.887104 	 -65.343956 	
41 	 1847.956665 	 54.486797 	 -67.771439 	
42 	 1577.524048 	 62.298840 	 -69.994095 	
43 	 1359.375000 	 70.841087 	 -71.814896 	
44 	 1171.875000 	 80.817024 	 -73.487556 	
45 	 998.263855 	 93.359352 	 -75.025612 	
46 	 856.370239 	 107.230812 	 -76.275139 	
47 	 737.847229 	 122.961853 	 -77.470558 	
48 	 627.790161 	 142.560669 	 -78.429695 	
49 	 544.084778 	 162.758087 	 -79.326225 	
50 	 460.379456 	 190.006409 	 -80.048935 	
51 	 397.995270 	 217.599808 	 -80.659615 	
52 	 340.221771 	 251.926056 	 -81.228127 	
53 	 292.968750 	 289.760498 	 -81.698334 	
54 	 252.403839 	 332.983368 	 -81.928101 	
55 	 217.013885 	 383.731995 	 -82.304390 	
56 	 186.011902 	 443.516754 	 -82.628761 	
57 	 158.361496 	 515.957092 	 -82.927574 	
58 	 135.216339 	 598.553406 	 -83.155373 	
59 	 117.187500 	 684.832092 	 -83.343658 	
