IMPEDANCE MEASUREMENT 
3:33:06.327 PM 2026-10-07
Chamber temperature (K): 296.25
Chamber pressure (MPa): 174.97
Description: 	Default
Driving voltage (V): 0.01
Start freq (Hz): 1E+6
Stop freq (Hz): 1E+2
# freq steps: 60
Index #	Frequency (Hz)	Impedance (ohms)	Phase (degrees)
0 	 1000078.125000 	 18.928762 	 35.149399 	
1 	 857765.625000 	 18.041353 	 31.235075 	
2 	 735703.125000 	 17.357292 	 27.456457 	
3 	 630984.375000 	 16.812666 	 23.966446 	
4 	 541171.875000 	 16.400871 	 20.774811 	
5 	 464203.125000 	 16.070272 	 17.866125 	
6 	 398109.375000 	 15.826334 	 15.149097 	
7 	 341484.375000 	 15.650036 	 12.744392 	
8 	 292921.875000 	 15.515669 	 10.563107 	
9 	 251203.140625 	 15.414513 	 8.555571 	
10 	 215484.375000 	 15.360409 	 6.758874 	
11 	 184828.125000 	 15.313296 	 5.103218 	
12 	 158578.125000 	 15.297891 	 3.533396 	
13 	 135984.375000 	 15.289660 	 2.084930 	
14 	 116671.867187 	 15.300380 	 0.687835 	
15 	 100078.125000 	 15.328534 	 -0.653617 	
16 	 85828.125000 	 15.364371 	 -1.993237 	
17 	 73640.625000 	 15.418706 	 -3.357161 	
18 	 63140.625000 	 15.490003 	 -4.742668 	
19 	 54140.625000 	 15.579351 	 -6.190818 	
20 	 46453.125000 	 15.688913 	 -7.703547 	
21 	 39890.625000 	 15.823742 	 -9.305145 	
22 	 34171.875000 	 15.988961 	 -11.062574 	
23 	 29296.875000 	 16.192671 	 -12.947613 	
24 	 25171.875000 	 16.431267 	 -14.952785 	
25 	 21609.375000 	 16.717417 	 -17.152805 	
26 	 18515.625000 	 17.082005 	 -19.569092 	
27 	 15890.625000 	 17.506184 	 -22.187243 	
28 	 13640.625000 	 18.032690 	 -25.030706 	
29 	 11671.875000 	 18.691448 	 -28.151726 	
30 	 10078.125000 	 19.450565 	 -31.295906 	
31 	 8578.125000 	 20.486496 	 -34.948090 	
32 	 7359.375488 	 21.705673 	 -38.561867 	
33 	 6328.125000 	 23.184181 	 -42.199047 	
34 	 5376.838379 	 25.141705 	 -46.160427 	
35 	 4641.543945 	 27.297962 	 -49.699223 	
36 	 3984.374756 	 30.019043 	 -53.142178 	
37 	 3421.875000 	 33.241856 	 -56.547382 	
38 	 2953.125000 	 36.921101 	 -59.586082 	
39 	 2527.573486 	 41.535278 	 -62.534737 	
40 	 2159.926514 	 47.059113 	 -65.315857 	
41 	 1847.956665 	 53.522835 	 -67.747185 	
42 	 1577.524048 	 61.177662 	 -69.954674 	
43 	 1359.375000 	 69.589554 	 -71.821869 	
44 	 1171.875000 	 79.345741 	 -73.455551 	
45 	 998.263855 	 91.713036 	 -75.030373 	
46 	 856.370239 	 105.275848 	 -76.377327 	
47 	 737.847229 	 120.701073 	 -77.487450 	
48 	 627.790161 	 139.966354 	 -78.489601 	
49 	 544.084778 	 159.758713 	 -79.269783 	
50 	 460.379456 	 186.579483 	 -80.100365 	
51 	 397.995270 	 213.716675 	 -80.722130 	
52 	 340.221771 	 247.441910 	 -81.302177 	
53 	 292.968750 	 284.647675 	 -81.782028 	
54 	 252.403839 	 327.082855 	 -82.011032 	
55 	 217.013885 	 377.051575 	 -82.400566 	
56 	 186.011902 	 435.885010 	 -82.729210 	
57 	 158.361496 	 507.212158 	 -83.042053 	
58 	 135.216339 	 588.546143 	 -83.283829 	
59 	 117.187500 	 673.316101 	 -83.486801 	
