IMPEDANCE MEASUREMENT 
9:14:13.180 AM 2026-10-07
Chamber temperature (K): 296.05
Chamber pressure (MPa): 1.41
Description: 	Default
Driving voltage (V): 0.01
Start freq (Hz): 1E+6
Stop freq (Hz): 1E+2
# freq steps: 60
Index #	Frequency (Hz)	Impedance (ohms)	Phase (degrees)
0 	 1000078.125000 	 19.748436 	 33.710960 	
1 	 857765.625000 	 18.892653 	 29.815035 	
2 	 735703.125000 	 18.236862 	 26.140619 	
3 	 630984.375000 	 17.712883 	 22.753647 	
4 	 541171.875000 	 17.320057 	 19.637571 	
5 	 464203.125000 	 17.009619 	 16.835760 	
6 	 398109.375000 	 16.790133 	 14.264895 	
7 	 341484.375000 	 16.621468 	 11.959761 	
8 	 292921.875000 	 16.494528 	 9.846921 	
9 	 251203.140625 	 16.396318 	 8.005461 	
10 	 215484.375000 	 16.341984 	 6.272689 	
11 	 184828.125000 	 16.302011 	 4.694896 	
12 	 158578.125000 	 16.290710 	 3.190319 	
13 	 135984.375000 	 16.286064 	 1.791211 	
14 	 116671.867187 	 16.297321 	 0.447123 	
15 	 100078.125000 	 16.329475 	 -0.822423 	
16 	 85828.125000 	 16.365948 	 -2.128554 	
17 	 73640.625000 	 16.424610 	 -3.441820 	
18 	 63140.625000 	 16.499058 	 -4.806433 	
19 	 54140.625000 	 16.588024 	 -6.226359 	
20 	 46453.125000 	 16.709635 	 -7.719856 	
21 	 39890.625000 	 16.848045 	 -9.299955 	
22 	 34171.875000 	 17.026972 	 -11.028616 	
23 	 29296.875000 	 17.235397 	 -12.863743 	
24 	 25171.875000 	 17.487873 	 -14.856992 	
25 	 21609.375000 	 17.790602 	 -17.037874 	
26 	 18515.625000 	 18.165394 	 -19.422176 	
27 	 15890.625000 	 18.619280 	 -22.009014 	
28 	 13640.625000 	 19.170326 	 -24.811153 	
29 	 11671.875000 	 19.863300 	 -27.906498 	
30 	 10078.125000 	 20.656788 	 -31.028425 	
31 	 8578.125000 	 21.741844 	 -34.660210 	
32 	 7359.375488 	 23.012871 	 -38.264248 	
33 	 6328.125000 	 24.559042 	 -41.915440 	
34 	 5376.838379 	 26.602715 	 -45.892052 	
35 	 4641.543945 	 28.864840 	 -49.435524 	
36 	 3984.374756 	 31.716055 	 -52.937981 	
37 	 3421.875000 	 35.115089 	 -56.297684 	
38 	 2953.125000 	 39.019726 	 -59.399746 	
39 	 2527.573486 	 43.868351 	 -62.358799 	
40 	 2159.926514 	 49.686409 	 -65.107666 	
41 	 1847.956665 	 56.451588 	 -67.590836 	
42 	 1577.524048 	 64.592926 	 -69.813866 	
43 	 1359.375000 	 73.494576 	 -71.631409 	
44 	 1171.875000 	 83.718010 	 -73.280952 	
45 	 998.263855 	 96.678802 	 -74.878471 	
46 	 856.370239 	 111.242729 	 -76.139168 	
47 	 737.847229 	 127.261772 	 -77.277924 	
48 	 627.790161 	 147.714096 	 -78.269600 	
49 	 544.084778 	 168.514633 	 -79.100990 	
50 	 460.379456 	 196.653687 	 -79.868599 	
51 	 397.995270 	 225.152039 	 -80.469734 	
52 	 340.221771 	 260.614197 	 -81.026291 	
53 	 292.968750 	 299.671661 	 -81.490837 	
54 	 252.403839 	 343.450134 	 -81.681419 	
55 	 217.013885 	 396.120544 	 -82.052147 	
56 	 186.011902 	 457.879059 	 -82.367882 	
57 	 158.361496 	 532.507324 	 -82.645668 	
58 	 135.216339 	 617.569519 	 -82.869530 	
59 	 117.187500 	 706.105530 	 -83.044304 	
