IMPEDANCE MEASUREMENT 
4:05:27.329 PM 2026-10-07
Chamber temperature (K): 296.26
Chamber pressure (MPa): 150.4
Description: 	Default
Driving voltage (V): 0.01
Start freq (Hz): 1E+6
Stop freq (Hz): 1E+2
# freq steps: 60
Index #	Frequency (Hz)	Impedance (ohms)	Phase (degrees)
0 	 1000078.125000 	 18.970190 	 35.075390 	
1 	 857765.625000 	 18.074789 	 31.126600 	
2 	 735703.125000 	 17.389074 	 27.364546 	
3 	 630984.375000 	 16.852043 	 23.900623 	
4 	 541171.875000 	 16.434555 	 20.721270 	
5 	 464203.125000 	 16.120680 	 17.781504 	
6 	 398109.375000 	 15.862967 	 15.110288 	
7 	 341484.375000 	 15.683761 	 12.672011 	
8 	 292921.875000 	 15.557080 	 10.494495 	
9 	 251203.140625 	 15.455876 	 8.538813 	
10 	 215484.375000 	 15.395317 	 6.701288 	
11 	 184828.125000 	 15.357553 	 5.082651 	
12 	 158578.125000 	 15.336708 	 3.515945 	
13 	 135984.375000 	 15.332149 	 2.060905 	
14 	 116671.867187 	 15.345519 	 0.653133 	
15 	 100078.125000 	 15.365931 	 -0.671634 	
16 	 85828.125000 	 15.404936 	 -2.011702 	
17 	 73640.625000 	 15.460381 	 -3.368734 	
18 	 63140.625000 	 15.530498 	 -4.771070 	
19 	 54140.625000 	 15.623487 	 -6.214582 	
20 	 46453.125000 	 15.732418 	 -7.738468 	
21 	 39890.625000 	 15.866656 	 -9.332227 	
22 	 34171.875000 	 16.032463 	 -11.084634 	
23 	 29296.875000 	 16.237825 	 -12.970563 	
24 	 25171.875000 	 16.477261 	 -14.977062 	
25 	 21609.375000 	 16.771637 	 -17.167915 	
26 	 18515.625000 	 17.130178 	 -19.597591 	
27 	 15890.625000 	 17.559359 	 -22.213913 	
28 	 13640.625000 	 18.089350 	 -25.041908 	
29 	 11671.875000 	 18.743931 	 -28.167995 	
30 	 10078.125000 	 19.516821 	 -31.305351 	
31 	 8578.125000 	 20.551899 	 -34.954269 	
32 	 7359.375488 	 21.774494 	 -38.567913 	
33 	 6328.125000 	 23.259636 	 -42.212498 	
34 	 5376.838379 	 25.223808 	 -46.175270 	
35 	 4641.543945 	 27.382975 	 -49.692852 	
36 	 3984.374756 	 30.119852 	 -53.204098 	
37 	 3421.875000 	 33.351143 	 -56.580616 	
38 	 2953.125000 	 37.053192 	 -59.616283 	
39 	 2527.573486 	 41.675812 	 -62.574352 	
40 	 2159.926514 	 47.227146 	 -65.286980 	
41 	 1847.956665 	 53.694614 	 -67.722397 	
42 	 1577.524048 	 61.397636 	 -69.958519 	
43 	 1359.375000 	 69.873650 	 -71.758369 	
44 	 1171.875000 	 79.680344 	 -73.415619 	
45 	 998.263855 	 91.957222 	 -74.971382 	
46 	 856.370239 	 105.533188 	 -76.265739 	
47 	 737.847229 	 121.005783 	 -77.418472 	
48 	 627.790161 	 140.452301 	 -78.412331 	
49 	 544.084778 	 160.153015 	 -79.150200 	
50 	 460.379456 	 187.118454 	 -80.040901 	
51 	 397.995270 	 214.298050 	 -80.654854 	
52 	 340.221771 	 248.104080 	 -81.230057 	
53 	 292.968750 	 285.369507 	 -81.704582 	
54 	 252.403839 	 327.852600 	 -81.939201 	
55 	 217.013885 	 377.856293 	 -82.312660 	
56 	 186.011902 	 436.740662 	 -82.651779 	
57 	 158.361496 	 508.061859 	 -82.948952 	
58 	 135.216339 	 589.420166 	 -83.196449 	
59 	 117.187500 	 674.307007 	 -83.394806 	
