IMPEDANCE MEASUREMENT 
1:47:52.028 PM 2026-10-07
Chamber temperature (K): 296.21
Chamber pressure (MPa): 150.63
Description: 	Default
Driving voltage (V): 0.01
Start freq (Hz): 1E+6
Stop freq (Hz): 1E+2
# freq steps: 60
Index #	Frequency (Hz)	Impedance (ohms)	Phase (degrees)
0 	 1000078.125000 	 18.971527 	 35.024067 	
1 	 857765.625000 	 18.095903 	 31.025026 	
2 	 735703.125000 	 17.403124 	 27.293922 	
3 	 630984.375000 	 16.870958 	 23.812269 	
4 	 541171.875000 	 16.463387 	 20.643791 	
5 	 464203.125000 	 16.138081 	 17.773134 	
6 	 398109.375000 	 15.891804 	 15.088519 	
7 	 341484.375000 	 15.709553 	 12.663240 	
8 	 292921.875000 	 15.578139 	 10.486968 	
9 	 251203.140625 	 15.477266 	 8.492667 	
10 	 215484.375000 	 15.416878 	 6.684253 	
11 	 184828.125000 	 15.379712 	 5.067187 	
12 	 158578.125000 	 15.362056 	 3.492332 	
13 	 135984.375000 	 15.351699 	 2.042270 	
14 	 116671.867187 	 15.367884 	 0.668235 	
15 	 100078.125000 	 15.388940 	 -0.685076 	
16 	 85828.125000 	 15.430352 	 -2.031515 	
17 	 73640.625000 	 15.485707 	 -3.371921 	
18 	 63140.625000 	 15.554579 	 -4.772736 	
19 	 54140.625000 	 15.646585 	 -6.231750 	
20 	 46453.125000 	 15.757353 	 -7.732899 	
21 	 39890.625000 	 15.893804 	 -9.354071 	
22 	 34171.875000 	 16.057337 	 -11.100701 	
23 	 29296.875000 	 16.262682 	 -12.982327 	
24 	 25171.875000 	 16.502630 	 -14.999291 	
25 	 21609.375000 	 16.793837 	 -17.201529 	
26 	 18515.625000 	 17.154873 	 -19.623224 	
27 	 15890.625000 	 17.581852 	 -22.248461 	
28 	 13640.625000 	 18.117252 	 -25.092249 	
29 	 11671.875000 	 18.775574 	 -28.223465 	
30 	 10078.125000 	 19.549597 	 -31.368893 	
31 	 8578.125000 	 20.591297 	 -35.022366 	
32 	 7359.375488 	 21.825871 	 -38.635410 	
33 	 6328.125000 	 23.314503 	 -42.281361 	
34 	 5376.838379 	 25.291857 	 -46.256096 	
35 	 4641.543945 	 27.452465 	 -49.789272 	
36 	 3984.374756 	 30.180904 	 -53.318790 	
37 	 3421.875000 	 33.435528 	 -56.652378 	
38 	 2953.125000 	 37.190895 	 -59.721970 	
39 	 2527.573486 	 41.828156 	 -62.673225 	
40 	 2159.926514 	 47.401863 	 -65.373405 	
41 	 1847.956665 	 53.882130 	 -67.798981 	
42 	 1577.524048 	 61.658390 	 -70.037575 	
43 	 1359.375000 	 70.166534 	 -71.891579 	
44 	 1171.875000 	 80.008232 	 -73.532700 	
45 	 998.263855 	 92.318260 	 -75.062622 	
46 	 856.370239 	 106.107384 	 -76.356094 	
47 	 737.847229 	 121.511803 	 -77.440071 	
48 	 627.790161 	 140.950485 	 -78.415634 	
49 	 544.084778 	 161.265457 	 -79.371819 	
50 	 460.379456 	 187.958328 	 -80.081757 	
51 	 397.995270 	 215.278107 	 -80.697166 	
52 	 340.221771 	 249.256973 	 -81.269302 	
53 	 292.968750 	 286.685089 	 -81.738525 	
54 	 252.403839 	 329.511017 	 -81.967896 	
55 	 217.013885 	 379.787842 	 -82.342819 	
56 	 186.011902 	 439.005615 	 -82.674995 	
57 	 158.361496 	 510.745392 	 -82.967354 	
58 	 135.216339 	 592.514771 	 -83.206421 	
59 	 117.187500 	 677.908936 	 -83.395927 	
