IMPEDANCE MEASUREMENT 
9:12:16.763 AM 2026-10-07
Chamber temperature (K): 296.05
Chamber pressure (MPa): 1.65
Description: 	Default
Driving voltage (V): 0.01
Start freq (Hz): 1E+6
Stop freq (Hz): 1E+2
# freq steps: 60
Index #	Frequency (Hz)	Impedance (ohms)	Phase (degrees)
0 	 1000078.125000 	 19.750652 	 33.704624 	
1 	 857765.625000 	 18.896656 	 29.801439 	
2 	 735703.125000 	 18.231478 	 26.128109 	
3 	 630984.375000 	 17.711340 	 22.750845 	
4 	 541171.875000 	 17.318758 	 19.626451 	
5 	 464203.125000 	 17.011269 	 16.825865 	
6 	 398109.375000 	 16.788809 	 14.270125 	
7 	 341484.375000 	 16.612272 	 11.949534 	
8 	 292921.875000 	 16.485893 	 9.873662 	
9 	 251203.140625 	 16.403543 	 8.000608 	
10 	 215484.375000 	 16.342381 	 6.285364 	
11 	 184828.125000 	 16.305969 	 4.682341 	
12 	 158578.125000 	 16.289198 	 3.201160 	
13 	 135984.375000 	 16.285450 	 1.799242 	
14 	 116671.867187 	 16.299326 	 0.457467 	
15 	 100078.125000 	 16.325253 	 -0.821804 	
16 	 85828.125000 	 16.365995 	 -2.127735 	
17 	 73640.625000 	 16.423677 	 -3.460590 	
18 	 63140.625000 	 16.495674 	 -4.819573 	
19 	 54140.625000 	 16.593025 	 -6.226233 	
20 	 46453.125000 	 16.709944 	 -7.734094 	
21 	 39890.625000 	 16.845575 	 -9.286695 	
22 	 34171.875000 	 17.025101 	 -11.017348 	
23 	 29296.875000 	 17.236141 	 -12.880770 	
