IMPEDANCE MEASUREMENT 
9:15:07.235 AM 2026-10-07
Chamber temperature (K): 296.05
Chamber pressure (MPa): 1.65
Description: 	Default
Driving voltage (V): 0.01
Start freq (Hz): 1E+6
Stop freq (Hz): 1E+2
# freq steps: 60
Index #	Frequency (Hz)	Impedance (ohms)	Phase (degrees)
0 	 1000078.125000 	 19.745045 	 33.722034 	
1 	 857765.625000 	 18.902180 	 29.810780 	
2 	 735703.125000 	 18.233261 	 26.142822 	
3 	 630984.375000 	 17.712540 	 22.742256 	
4 	 541171.875000 	 17.320330 	 19.641819 	
5 	 464203.125000 	 17.023518 	 16.818684 	
6 	 398109.375000 	 16.787222 	 14.278187 	
7 	 341484.375000 	 16.616848 	 11.969738 	
8 	 292921.875000 	 16.495125 	 9.880871 	
9 	 251203.140625 	 16.409122 	 7.979537 	
10 	 215484.375000 	 16.347322 	 6.264923 	
11 	 184828.125000 	 16.307266 	 4.690633 	
12 	 158578.125000 	 16.289978 	 3.203543 	
13 	 135984.375000 	 16.291880 	 1.798289 	
14 	 116671.867187 	 16.296196 	 0.481145 	
15 	 100078.125000 	 16.327644 	 -0.831422 	
16 	 85828.125000 	 16.370195 	 -2.131537 	
17 	 73640.625000 	 16.424448 	 -3.455772 	
18 	 63140.625000 	 16.501436 	 -4.794866 	
19 	 54140.625000 	 16.594793 	 -6.215102 	
20 	 46453.125000 	 16.709908 	 -7.712184 	
21 	 39890.625000 	 16.850491 	 -9.291554 	
22 	 34171.875000 	 17.023954 	 -11.014666 	
23 	 29296.875000 	 17.238705 	 -12.866838 	
24 	 25171.875000 	 17.487852 	 -14.847192 	
25 	 21609.375000 	 17.791267 	 -17.028202 	
26 	 18515.625000 	 18.165792 	 -19.433979 	
27 	 15890.625000 	 18.619371 	 -21.999624 	
28 	 13640.625000 	 19.168308 	 -24.812515 	
29 	 11671.875000 	 19.867359 	 -27.898638 	
30 	 10078.125000 	 20.662018 	 -31.037077 	
31 	 8578.125000 	 21.740465 	 -34.660580 	
32 	 7359.375488 	 23.015543 	 -38.269180 	
33 	 6328.125000 	 24.557596 	 -41.911461 	
34 	 5376.838379 	 26.607944 	 -45.903294 	
35 	 4641.543945 	 28.859203 	 -49.411343 	
36 	 3984.374756 	 31.747164 	 -52.904087 	
37 	 3421.875000 	 35.108784 	 -56.302124 	
38 	 2953.125000 	 38.983261 	 -59.362717 	
39 	 2527.573486 	 43.846123 	 -62.364925 	
40 	 2159.926514 	 49.667049 	 -65.110825 	
41 	 1847.956665 	 56.468075 	 -67.587791 	
42 	 1577.524048 	 64.585739 	 -69.787361 	
43 	 1359.375000 	 73.452194 	 -71.666420 	
44 	 1171.875000 	 83.769348 	 -73.281532 	
45 	 998.263855 	 96.771896 	 -74.845078 	
46 	 856.370239 	 111.127861 	 -76.143272 	
47 	 737.847229 	 127.303421 	 -77.226799 	
48 	 627.790161 	 147.482376 	 -78.272911 	
49 	 544.084778 	 168.450882 	 -79.057770 	
50 	 460.379456 	 196.640121 	 -79.864586 	
51 	 397.995270 	 225.133606 	 -80.469948 	
52 	 340.221771 	 260.588043 	 -81.030251 	
53 	 292.968750 	 299.634186 	 -81.484085 	
54 	 252.403839 	 343.386627 	 -81.682243 	
55 	 217.013885 	 396.068390 	 -82.044006 	
56 	 186.011902 	 457.787292 	 -82.363548 	
57 	 158.361496 	 532.474365 	 -82.632072 	
58 	 135.216339 	 617.425781 	 -82.866577 	
59 	 117.187500 	 706.169800 	 -83.047440 	
