IMPEDANCE MEASUREMENT 
2:54:16.868 PM 2026-10-07
Chamber temperature (K): 296.25
Chamber pressure (MPa): 201.51
Description: 	Default
Driving voltage (V): 0.01
Start freq (Hz): 1E+6
Stop freq (Hz): 1E+2
# freq steps: 60
Index #	Frequency (Hz)	Impedance (ohms)	Phase (degrees)
0 	 1000078.125000 	 18.904497 	 35.210197 	
1 	 857765.625000 	 18.018726 	 31.219770 	
2 	 735703.125000 	 17.323624 	 27.456575 	
3 	 630984.375000 	 16.786816 	 23.964567 	
4 	 541171.875000 	 16.381878 	 20.794250 	
5 	 464203.125000 	 16.061186 	 17.873915 	
6 	 398109.375000 	 15.805005 	 15.180339 	
7 	 341484.375000 	 15.622307 	 12.766311 	
8 	 292921.875000 	 15.498558 	 10.561973 	
9 	 251203.140625 	 15.400586 	 8.567885 	
10 	 215484.375000 	 15.335304 	 6.766231 	
11 	 184828.125000 	 15.287010 	 5.108549 	
12 	 158578.125000 	 15.266264 	 3.578257 	
13 	 135984.375000 	 15.264899 	 2.106837 	
14 	 116671.867187 	 15.281745 	 0.689780 	
15 	 100078.125000 	 15.306312 	 -0.635330 	
16 	 85828.125000 	 15.343122 	 -1.972093 	
17 	 73640.625000 	 15.396066 	 -3.331439 	
18 	 63140.625000 	 15.463146 	 -4.721024 	
19 	 54140.625000 	 15.553780 	 -6.177662 	
20 	 46453.125000 	 15.666456 	 -7.678583 	
21 	 39890.625000 	 15.799288 	 -9.296429 	
22 	 34171.875000 	 15.964687 	 -11.026899 	
23 	 29296.875000 	 16.162169 	 -12.900154 	
24 	 25171.875000 	 16.397020 	 -14.916536 	
25 	 21609.375000 	 16.688135 	 -17.111231 	
26 	 18515.625000 	 17.041138 	 -19.528748 	
27 	 15890.625000 	 17.471127 	 -22.145287 	
28 	 13640.625000 	 17.996012 	 -24.971308 	
29 	 11671.875000 	 18.649639 	 -28.104826 	
30 	 10078.125000 	 19.410713 	 -31.242485 	
31 	 8578.125000 	 20.436420 	 -34.890762 	
32 	 7359.375488 	 21.651562 	 -38.515289 	
33 	 6328.125000 	 23.124212 	 -42.177231 	
34 	 5376.838379 	 25.068178 	 -46.132191 	
35 	 4641.543945 	 27.214685 	 -49.655369 	
36 	 3984.374756 	 29.916321 	 -53.185162 	
37 	 3421.875000 	 33.135239 	 -56.530540 	
38 	 2953.125000 	 36.808655 	 -59.606590 	
39 	 2527.573486 	 41.379021 	 -62.560162 	
40 	 2159.926514 	 46.902733 	 -65.334595 	
41 	 1847.956665 	 53.323212 	 -67.784416 	
42 	 1577.524048 	 60.990086 	 -70.027985 	
43 	 1359.375000 	 69.336609 	 -71.838921 	
44 	 1171.875000 	 79.113647 	 -73.480072 	
45 	 998.263855 	 91.290260 	 -75.016762 	
46 	 856.370239 	 104.992477 	 -76.335228 	
47 	 737.847229 	 120.357780 	 -77.405586 	
48 	 627.790161 	 139.640396 	 -78.520622 	
49 	 544.084778 	 159.442719 	 -79.341629 	
50 	 460.379456 	 186.000748 	 -80.114021 	
51 	 397.995270 	 213.038193 	 -80.739296 	
52 	 340.221771 	 246.696243 	 -81.321777 	
53 	 292.968750 	 283.808563 	 -81.799072 	
54 	 252.403839 	 326.169891 	 -82.035736 	
55 	 217.013885 	 376.003052 	 -82.425781 	
56 	 186.011902 	 434.699646 	 -82.761452 	
57 	 158.361496 	 505.765778 	 -83.061188 	
58 	 135.216339 	 586.952759 	 -83.310944 	
59 	 117.187500 	 671.604675 	 -83.510864 	
