IMPEDANCE MEASUREMENT 
12:05:27.900 PM 2026-10-07
Chamber temperature (K): 296.11
Chamber pressure (MPa): 76.12
Description: 	Default
Driving voltage (V): 0.01
Start freq (Hz): 1E+6
Stop freq (Hz): 1E+2
# freq steps: 60
Index #	Frequency (Hz)	Impedance (ohms)	Phase (degrees)
0 	 1000078.125000 	 19.231853 	 34.400692 	
1 	 857765.625000 	 18.373219 	 30.456516 	
2 	 735703.125000 	 17.691853 	 26.743078 	
3 	 630984.375000 	 17.167875 	 23.322714 	
4 	 541171.875000 	 16.766525 	 20.214407 	
5 	 464203.125000 	 16.455626 	 17.382584 	
6 	 398109.375000 	 16.203356 	 14.743712 	
7 	 341484.375000 	 16.025135 	 12.372656 	
8 	 292921.875000 	 15.898375 	 10.240342 	
9 	 251203.140625 	 15.808255 	 8.302120 	
10 	 215484.375000 	 15.739319 	 6.523408 	
11 	 184828.125000 	 15.701744 	 4.875789 	
12 	 158578.125000 	 15.688658 	 3.398186 	
13 	 135984.375000 	 15.679753 	 1.937732 	
14 	 116671.867187 	 15.693295 	 0.558376 	
15 	 100078.125000 	 15.717199 	 -0.759577 	
16 	 85828.125000 	 15.758718 	 -2.098128 	
17 	 73640.625000 	 15.814332 	 -3.431059 	
18 	 63140.625000 	 15.886882 	 -4.808323 	
19 	 54140.625000 	 15.979714 	 -6.253294 	
20 	 46453.125000 	 16.090332 	 -7.760567 	
21 	 39890.625000 	 16.228426 	 -9.349018 	
22 	 34171.875000 	 16.399427 	 -11.114363 	
23 	 29296.875000 	 16.601664 	 -12.966810 	
24 	 25171.875000 	 16.851511 	 -14.964678 	
25 	 21609.375000 	 17.147997 	 -17.158485 	
26 	 18515.625000 	 17.515345 	 -19.595972 	
27 	 15890.625000 	 17.953602 	 -22.203802 	
28 	 13640.625000 	 18.492186 	 -25.021086 	
29 	 11671.875000 	 19.167969 	 -28.146820 	
30 	 10078.125000 	 19.949118 	 -31.294222 	
31 	 8578.125000 	 21.006567 	 -34.921047 	
32 	 7359.375488 	 22.255587 	 -38.569725 	
33 	 6328.125000 	 23.776030 	 -42.222523 	
34 	 5376.838379 	 25.778463 	 -46.183662 	
35 	 4641.543945 	 27.994499 	 -49.699474 	
36 	 3984.374756 	 30.756924 	 -53.178261 	
37 	 3421.875000 	 34.041462 	 -56.548836 	
38 	 2953.125000 	 37.842693 	 -59.622524 	
39 	 2527.573486 	 42.577541 	 -62.584431 	
40 	 2159.926514 	 48.257900 	 -65.314270 	
41 	 1847.956665 	 54.888535 	 -67.801338 	
42 	 1577.524048 	 62.786724 	 -69.997063 	
43 	 1359.375000 	 71.405067 	 -71.799446 	
44 	 1171.875000 	 81.384285 	 -73.482613 	
45 	 998.263855 	 94.078316 	 -75.012482 	
46 	 856.370239 	 108.035530 	 -76.343285 	
47 	 737.847229 	 123.711800 	 -77.410004 	
48 	 627.790161 	 143.673965 	 -78.446030 	
49 	 544.084778 	 163.731049 	 -79.289322 	
50 	 460.379456 	 191.368179 	 -80.026695 	
51 	 397.995270 	 219.137726 	 -80.636604 	
52 	 340.221771 	 253.712753 	 -81.198700 	
53 	 292.968750 	 291.795288 	 -81.672142 	
54 	 252.403839 	 335.304993 	 -81.899559 	
55 	 217.013885 	 386.404633 	 -82.277428 	
56 	 186.011902 	 446.646667 	 -82.606209 	
57 	 158.361496 	 519.473633 	 -82.887512 	
58 	 135.216339 	 602.610229 	 -83.130623 	
59 	 117.187500 	 689.396729 	 -83.320923 	
