IMPEDANCE MEASUREMENT 
2:19:44.834 PM 2026-10-07
Chamber temperature (K): 296.22
Chamber pressure (MPa): 175.47
Description: 	Default
Driving voltage (V): 0.01
Start freq (Hz): 1E+6
Stop freq (Hz): 1E+2
# freq steps: 60
Index #	Frequency (Hz)	Impedance (ohms)	Phase (degrees)
0 	 1000078.125000 	 18.931448 	 35.129707 	
1 	 857765.625000 	 18.047394 	 31.129175 	
2 	 735703.125000 	 17.354012 	 27.372614 	
3 	 630984.375000 	 16.817659 	 23.914616 	
4 	 541171.875000 	 16.415579 	 20.710850 	
5 	 464203.125000 	 16.091522 	 17.845222 	
6 	 398109.375000 	 15.842875 	 15.148360 	
7 	 341484.375000 	 15.657083 	 12.736024 	
8 	 292921.875000 	 15.524254 	 10.525750 	
9 	 251203.140625 	 15.424884 	 8.540485 	
10 	 215484.375000 	 15.366223 	 6.728348 	
11 	 184828.125000 	 15.325395 	 5.089834 	
12 	 158578.125000 	 15.301246 	 3.532218 	
13 	 135984.375000 	 15.298499 	 2.094712 	
14 	 116671.867187 	 15.308863 	 0.682359 	
15 	 100078.125000 	 15.336428 	 -0.654998 	
16 	 85828.125000 	 15.376138 	 -2.014482 	
17 	 73640.625000 	 15.426891 	 -3.355985 	
18 	 63140.625000 	 15.499682 	 -4.751537 	
19 	 54140.625000 	 15.588011 	 -6.192304 	
20 	 46453.125000 	 15.698373 	 -7.703918 	
21 	 39890.625000 	 15.833199 	 -9.299614 	
22 	 34171.875000 	 16.002983 	 -11.065865 	
23 	 29296.875000 	 16.201395 	 -12.945210 	
24 	 25171.875000 	 16.438984 	 -14.953240 	
25 	 21609.375000 	 16.723112 	 -17.146955 	
26 	 18515.625000 	 17.085180 	 -19.576681 	
27 	 15890.625000 	 17.513031 	 -22.194132 	
28 	 13640.625000 	 18.035418 	 -25.023241 	
29 	 11671.875000 	 18.699278 	 -28.151241 	
30 	 10078.125000 	 19.459129 	 -31.287960 	
31 	 8578.125000 	 20.495123 	 -34.935387 	
32 	 7359.375488 	 21.716295 	 -38.557320 	
33 	 6328.125000 	 23.189421 	 -42.217827 	
34 	 5376.838379 	 25.149788 	 -46.176888 	
35 	 4641.543945 	 27.308844 	 -49.705925 	
36 	 3984.374756 	 30.021132 	 -53.208054 	
37 	 3421.875000 	 33.250683 	 -56.632729 	
38 	 2953.125000 	 36.934978 	 -59.623066 	
39 	 2527.573486 	 41.541542 	 -62.568375 	
40 	 2159.926514 	 47.067497 	 -65.342514 	
41 	 1847.956665 	 53.527267 	 -67.791641 	
42 	 1577.524048 	 61.196293 	 -70.011589 	
43 	 1359.375000 	 69.657059 	 -71.854256 	
44 	 1171.875000 	 79.411301 	 -73.456093 	
45 	 998.263855 	 91.703445 	 -75.034645 	
46 	 856.370239 	 105.245110 	 -76.327736 	
47 	 737.847229 	 120.781807 	 -77.430328 	
48 	 627.790161 	 139.989090 	 -78.492821 	
49 	 544.084778 	 159.943985 	 -79.263115 	
50 	 460.379456 	 186.721817 	 -80.075279 	
51 	 397.995270 	 213.866150 	 -80.690208 	
52 	 340.221771 	 247.608841 	 -81.268356 	
53 	 292.968750 	 284.836426 	 -81.743454 	
54 	 252.403839 	 327.381683 	 -81.973198 	
55 	 217.013885 	 377.297668 	 -82.349045 	
56 	 186.011902 	 436.151154 	 -82.678963 	
57 	 158.361496 	 507.375366 	 -82.971405 	
58 	 135.216339 	 588.636780 	 -83.215660 	
59 	 117.187500 	 673.419250 	 -83.411674 	
