IMPEDANCE MEASUREMENT 
2:20:39.002 PM 2026-10-07
Chamber temperature (K): 296.22
Chamber pressure (MPa): 175.24
Description: 	Default
Driving voltage (V): 0.01
Start freq (Hz): 1E+6
Stop freq (Hz): 1E+2
# freq steps: 60
Index #	Frequency (Hz)	Impedance (ohms)	Phase (degrees)
0 	 1000078.125000 	 18.924259 	 35.095596 	
1 	 857765.625000 	 18.043810 	 31.173269 	
2 	 735703.125000 	 17.357018 	 27.399260 	
3 	 630984.375000 	 16.825197 	 23.885057 	
4 	 541171.875000 	 16.413816 	 20.729490 	
5 	 464203.125000 	 16.083080 	 17.829124 	
6 	 398109.375000 	 15.838524 	 15.149903 	
7 	 341484.375000 	 15.654134 	 12.716022 	
8 	 292921.875000 	 15.524792 	 10.536808 	
9 	 251203.140625 	 15.431978 	 8.540079 	
10 	 215484.375000 	 15.367540 	 6.737787 	
11 	 184828.125000 	 15.326426 	 5.079828 	
12 	 158578.125000 	 15.298052 	 3.543968 	
13 	 135984.375000 	 15.291692 	 2.083395 	
14 	 116671.867187 	 15.306742 	 0.689889 	
15 	 100078.125000 	 15.338136 	 -0.660672 	
16 	 85828.125000 	 15.376383 	 -2.002518 	
17 	 73640.625000 	 15.427557 	 -3.356613 	
18 	 63140.625000 	 15.500807 	 -4.753214 	
19 	 54140.625000 	 15.589636 	 -6.179208 	
20 	 46453.125000 	 15.698508 	 -7.700736 	
21 	 39890.625000 	 15.832538 	 -9.312207 	
22 	 34171.875000 	 15.998816 	 -11.066708 	
23 	 29296.875000 	 16.200542 	 -12.943471 	
24 	 25171.875000 	 16.437851 	 -14.953543 	
25 	 21609.375000 	 16.725998 	 -17.143820 	
26 	 18515.625000 	 17.080236 	 -19.567087 	
27 	 15890.625000 	 17.515560 	 -22.189852 	
28 	 13640.625000 	 18.042236 	 -25.027107 	
29 	 11671.875000 	 18.700027 	 -28.157791 	
30 	 10078.125000 	 19.460735 	 -31.292036 	
31 	 8578.125000 	 20.496437 	 -34.952679 	
32 	 7359.375488 	 21.717264 	 -38.569050 	
33 	 6328.125000 	 23.187769 	 -42.234013 	
34 	 5376.838379 	 25.158550 	 -46.179920 	
35 	 4641.543945 	 27.303555 	 -49.706760 	
36 	 3984.374756 	 30.009180 	 -53.220345 	
37 	 3421.875000 	 33.272640 	 -56.608551 	
38 	 2953.125000 	 36.935005 	 -59.686081 	
39 	 2527.573486 	 41.550892 	 -62.638523 	
40 	 2159.926514 	 47.084797 	 -65.314346 	
41 	 1847.956665 	 53.544827 	 -67.803459 	
42 	 1577.524048 	 61.245190 	 -69.998558 	
43 	 1359.375000 	 69.681808 	 -71.857086 	
44 	 1171.875000 	 79.459702 	 -73.476326 	
45 	 998.263855 	 91.691154 	 -75.044884 	
46 	 856.370239 	 105.414307 	 -76.315407 	
47 	 737.847229 	 120.847031 	 -77.397911 	
48 	 627.790161 	 140.109329 	 -78.432579 	
49 	 544.084778 	 160.128159 	 -79.313797 	
50 	 460.379456 	 186.740280 	 -80.078293 	
51 	 397.995270 	 213.902435 	 -80.691170 	
52 	 340.221771 	 247.647736 	 -81.266907 	
53 	 292.968750 	 284.884796 	 -81.737946 	
54 	 252.403839 	 327.403076 	 -81.974098 	
55 	 217.013885 	 377.354919 	 -82.349350 	
56 	 186.011902 	 436.203644 	 -82.675797 	
57 	 158.361496 	 507.455017 	 -82.967430 	
58 	 135.216339 	 588.729004 	 -83.217255 	
59 	 117.187500 	 673.599426 	 -83.395912 	
