IMPEDANCE MEASUREMENT 
5:16:02.931 PM 2026-10-07
Chamber temperature (K): 296.25
Chamber pressure (MPa): 98.86
Description: 	Default
Driving voltage (V): 0.01
Start freq (Hz): 1E+6
Stop freq (Hz): 1E+2
# freq steps: 60
Index #	Frequency (Hz)	Impedance (ohms)	Phase (degrees)
0 	 1000078.125000 	 19.111977 	 34.780212 	
1 	 857765.625000 	 18.226467 	 30.817444 	
2 	 735703.125000 	 17.541227 	 27.086800 	
3 	 630984.375000 	 17.015814 	 23.665033 	
4 	 541171.875000 	 16.593233 	 20.499104 	
5 	 464203.125000 	 16.270948 	 17.594742 	
6 	 398109.375000 	 16.026220 	 14.940336 	
7 	 341484.375000 	 15.856111 	 12.560515 	
8 	 292921.875000 	 15.725290 	 10.376741 	
9 	 251203.140625 	 15.632430 	 8.391586 	
10 	 215484.375000 	 15.568894 	 6.605266 	
11 	 184828.125000 	 15.525842 	 4.967518 	
12 	 158578.125000 	 15.507940 	 3.449756 	
13 	 135984.375000 	 15.507016 	 1.993804 	
14 	 116671.867187 	 15.518686 	 0.592213 	
15 	 100078.125000 	 15.543289 	 -0.728109 	
16 	 85828.125000 	 15.581919 	 -2.078649 	
17 	 73640.625000 	 15.638702 	 -3.424032 	
18 	 63140.625000 	 15.709038 	 -4.816730 	
19 	 54140.625000 	 15.801379 	 -6.256392 	
20 	 46453.125000 	 15.913910 	 -7.773898 	
21 	 39890.625000 	 16.049137 	 -9.389806 	
22 	 34171.875000 	 16.219950 	 -11.134378 	
23 	 29296.875000 	 16.424822 	 -13.023149 	
24 	 25171.875000 	 16.668915 	 -15.026937 	
25 	 21609.375000 	 16.972036 	 -17.239492 	
26 	 18515.625000 	 17.332943 	 -19.661509 	
27 	 15890.625000 	 17.771980 	 -22.262232 	
28 	 13640.625000 	 18.311394 	 -25.110987 	
29 	 11671.875000 	 18.981327 	 -28.242998 	
30 	 10078.125000 	 19.756516 	 -31.381788 	
31 	 8578.125000 	 20.810759 	 -35.034637 	
32 	 7359.375488 	 22.061850 	 -38.638363 	
33 	 6328.125000 	 23.560617 	 -42.298195 	
34 	 5376.838379 	 25.555317 	 -46.243572 	
35 	 4641.543945 	 27.749119 	 -49.753696 	
36 	 3984.374756 	 30.510752 	 -53.289772 	
37 	 3421.875000 	 33.805428 	 -56.649353 	
38 	 2953.125000 	 37.576168 	 -59.639137 	
39 	 2527.573486 	 42.268497 	 -62.633255 	
40 	 2159.926514 	 47.858612 	 -65.360199 	
41 	 1847.956665 	 54.423187 	 -67.774254 	
42 	 1577.524048 	 62.302273 	 -70.013115 	
43 	 1359.375000 	 70.829544 	 -71.819763 	
44 	 1171.875000 	 80.754173 	 -73.463753 	
45 	 998.263855 	 93.213165 	 -75.034256 	
46 	 856.370239 	 107.113609 	 -76.286758 	
47 	 737.847229 	 122.717239 	 -77.432228 	
48 	 627.790161 	 142.512924 	 -78.411873 	
49 	 544.084778 	 162.445297 	 -79.217316 	
50 	 460.379456 	 189.821060 	 -80.036926 	
51 	 397.995270 	 217.387924 	 -80.647606 	
52 	 340.221771 	 251.686478 	 -81.221916 	
53 	 292.968750 	 289.464233 	 -81.694931 	
54 	 252.403839 	 332.594635 	 -81.919968 	
55 	 217.013885 	 383.294830 	 -82.298698 	
56 	 186.011902 	 443.022919 	 -82.624725 	
57 	 158.361496 	 515.382263 	 -82.917717 	
58 	 135.216339 	 597.929749 	 -83.154320 	
59 	 117.187500 	 684.091187 	 -83.346703 	
