IMPEDANCE MEASUREMENT 
9:25:57.510 AM 2026-10-07
Chamber temperature (K): 296.07
Chamber pressure (MPa): 2.57
Description: 	Default
Driving voltage (V): 0.01
Start freq (Hz): 1E+6
Stop freq (Hz): 1E+2
# freq steps: 60
Index #	Frequency (Hz)	Impedance (ohms)	Phase (degrees)
0 	 1000078.125000 	 19.732491 	 33.699711 	
1 	 857765.625000 	 18.896343 	 29.799252 	
2 	 735703.125000 	 18.231270 	 26.131744 	
3 	 630984.375000 	 17.712374 	 22.725096 	
4 	 541171.875000 	 17.318165 	 19.637539 	
5 	 464203.125000 	 17.029232 	 16.795555 	
6 	 398109.375000 	 16.796249 	 14.261556 	
7 	 341484.375000 	 16.621386 	 11.961874 	
8 	 292921.875000 	 16.496601 	 9.888433 	
9 	 251203.140625 	 16.408745 	 7.976510 	
10 	 215484.375000 	 16.347046 	 6.270064 	
11 	 184828.125000 	 16.311417 	 4.682340 	
12 	 158578.125000 	 16.294020 	 3.193506 	
13 	 135984.375000 	 16.286684 	 1.807055 	
14 	 116671.867187 	 16.303871 	 0.454087 	
15 	 100078.125000 	 16.329142 	 -0.816022 	
16 	 85828.125000 	 16.372246 	 -2.138816 	
17 	 73640.625000 	 16.430788 	 -3.455262 	
18 	 63140.625000 	 16.502462 	 -4.812241 	
19 	 54140.625000 	 16.596209 	 -6.220313 	
20 	 46453.125000 	 16.709030 	 -7.708476 	
21 	 39890.625000 	 16.854553 	 -9.289196 	
22 	 34171.875000 	 17.028313 	 -11.015536 	
23 	 29296.875000 	 17.239971 	 -12.879659 	
24 	 25171.875000 	 17.490166 	 -14.867646 	
25 	 21609.375000 	 17.797550 	 -17.037447 	
26 	 18515.625000 	 18.172670 	 -19.423658 	
27 	 15890.625000 	 18.627115 	 -22.016069 	
28 	 13640.625000 	 19.174004 	 -24.819353 	
29 	 11671.875000 	 19.863705 	 -27.911758 	
30 	 10078.125000 	 20.660599 	 -31.029171 	
31 	 8578.125000 	 21.744963 	 -34.658493 	
32 	 7359.375488 	 23.014509 	 -38.278629 	
33 	 6328.125000 	 24.556099 	 -41.916721 	
34 	 5376.838379 	 26.599770 	 -45.897816 	
35 	 4641.543945 	 28.874027 	 -49.430138 	
36 	 3984.374756 	 31.738928 	 -52.926968 	
37 	 3421.875000 	 35.106304 	 -56.278084 	
38 	 2953.125000 	 38.994461 	 -59.341045 	
39 	 2527.573486 	 43.836834 	 -62.384388 	
40 	 2159.926514 	 49.676563 	 -65.122498 	
41 	 1847.956665 	 56.505268 	 -67.566818 	
42 	 1577.524048 	 64.593391 	 -69.795776 	
43 	 1359.375000 	 73.483650 	 -71.631355 	
44 	 1171.875000 	 83.771797 	 -73.292358 	
45 	 998.263855 	 96.736366 	 -74.826355 	
46 	 856.370239 	 111.137360 	 -76.153587 	
47 	 737.847229 	 127.246376 	 -77.242844 	
48 	 627.790161 	 147.758377 	 -78.280205 	
49 	 544.084778 	 168.358521 	 -79.009109 	
50 	 460.379456 	 196.658264 	 -79.857910 	
51 	 397.995270 	 225.165924 	 -80.461311 	
52 	 340.221771 	 260.618805 	 -81.015930 	
53 	 292.968750 	 299.655640 	 -81.481674 	
54 	 252.403839 	 343.968506 	 -81.682152 	
55 	 217.013885 	 396.347809 	 -82.048035 	
56 	 186.011902 	 458.029938 	 -82.368614 	
57 	 158.361496 	 532.563599 	 -82.639908 	
58 	 135.216339 	 617.629333 	 -82.868713 	
59 	 117.187500 	 706.346741 	 -83.043503 	
