IMPEDANCE MEASUREMENT 
11:30:13.035 AM 2026-10-07
Chamber temperature (K): 296.08
Chamber pressure (MPa): 51.23
Description: 	Default
Driving voltage (V): 0.01
Start freq (Hz): 1E+6
Stop freq (Hz): 1E+2
# freq steps: 60
Index #	Frequency (Hz)	Impedance (ohms)	Phase (degrees)
0 	 1000078.125000 	 19.384348 	 34.361160 	
1 	 857765.625000 	 18.515024 	 30.406384 	
2 	 735703.125000 	 17.836016 	 26.693254 	
3 	 630984.375000 	 17.307308 	 23.254093 	
4 	 541171.875000 	 16.906975 	 20.114872 	
5 	 464203.125000 	 16.599064 	 17.232973 	
6 	 398109.375000 	 16.367180 	 14.631711 	
7 	 341484.375000 	 16.187822 	 12.263148 	
8 	 292921.875000 	 16.065077 	 10.106742 	
9 	 251203.140625 	 15.966319 	 8.167895 	
10 	 215484.375000 	 15.907783 	 6.438605 	
11 	 184828.125000 	 15.867204 	 4.803872 	
12 	 158578.125000 	 15.850821 	 3.301574 	
13 	 135984.375000 	 15.844472 	 1.887378 	
14 	 116671.867187 	 15.860359 	 0.513474 	
15 	 100078.125000 	 15.888943 	 -0.802751 	
16 	 85828.125000 	 15.931036 	 -2.109678 	
17 	 73640.625000 	 15.984055 	 -3.453235 	
18 	 63140.625000 	 16.058151 	 -4.832864 	
19 	 54140.625000 	 16.153038 	 -6.255784 	
20 	 46453.125000 	 16.262815 	 -7.771072 	
21 	 39890.625000 	 16.403700 	 -9.365476 	
22 	 34171.875000 	 16.573908 	 -11.110760 	
23 	 29296.875000 	 16.781807 	 -12.972277 	
24 	 25171.875000 	 17.031414 	 -14.986430 	
25 	 21609.375000 	 17.333363 	 -17.181614 	
26 	 18515.625000 	 17.701426 	 -19.590376 	
27 	 15890.625000 	 18.151299 	 -22.193241 	
28 	 13640.625000 	 18.693687 	 -25.015690 	
29 	 11671.875000 	 19.370558 	 -28.119553 	
30 	 10078.125000 	 20.162373 	 -31.267008 	
31 	 8578.125000 	 21.225090 	 -34.923897 	
32 	 7359.375488 	 22.489920 	 -38.541138 	
33 	 6328.125000 	 24.016111 	 -42.198608 	
34 	 5376.838379 	 26.036030 	 -46.164970 	
35 	 4641.543945 	 28.276424 	 -49.707958 	
36 	 3984.374756 	 31.079615 	 -53.158592 	
37 	 3421.875000 	 34.428875 	 -56.546204 	
38 	 2953.125000 	 38.236210 	 -59.622314 	
39 	 2527.573486 	 43.019978 	 -62.580074 	
40 	 2159.926514 	 48.755428 	 -65.327667 	
41 	 1847.956665 	 55.429768 	 -67.752174 	
42 	 1577.524048 	 63.429237 	 -70.003929 	
43 	 1359.375000 	 72.173767 	 -71.857689 	
44 	 1171.875000 	 82.284859 	 -73.423813 	
45 	 998.263855 	 94.922707 	 -75.029602 	
46 	 856.370239 	 109.094902 	 -76.278740 	
47 	 737.847229 	 125.157051 	 -77.398476 	
48 	 627.790161 	 145.040756 	 -78.449265 	
49 	 544.084778 	 165.510880 	 -79.257263 	
50 	 460.379456 	 193.284866 	 -80.012054 	
51 	 397.995270 	 221.358063 	 -80.612038 	
52 	 340.221771 	 256.247955 	 -81.183632 	
53 	 292.968750 	 294.716675 	 -81.640236 	
54 	 252.403839 	 338.694763 	 -81.917534 	
55 	 217.013885 	 390.330475 	 -82.284134 	
56 	 186.011902 	 451.064941 	 -82.598907 	
57 	 158.361496 	 524.631775 	 -82.875412 	
58 	 135.216339 	 608.502319 	 -83.102654 	
59 	 117.187500 	 696.075623 	 -83.261780 	
