IMPEDANCE MEASUREMENT 
10:54:50.612 AM 2026-10-07
Chamber temperature (K): 296.06
Chamber pressure (MPa): 22.28
Description: 	Default
Driving voltage (V): 0.01
Start freq (Hz): 1E+6
Stop freq (Hz): 1E+2
# freq steps: 60
Index #	Frequency (Hz)	Impedance (ohms)	Phase (degrees)
0 	 1000078.125000 	 19.565145 	 34.015503 	
1 	 857765.625000 	 18.714243 	 30.068352 	
2 	 735703.125000 	 18.043367 	 26.394258 	
3 	 630984.375000 	 17.526876 	 22.952198 	
4 	 541171.875000 	 17.133297 	 19.834095 	
5 	 464203.125000 	 16.833466 	 16.982590 	
6 	 398109.375000 	 16.603930 	 14.425098 	
7 	 341484.375000 	 16.428112 	 12.066467 	
8 	 292921.875000 	 16.302874 	 9.977547 	
9 	 251203.140625 	 16.214848 	 8.066662 	
10 	 215484.375000 	 16.153881 	 6.343147 	
11 	 184828.125000 	 16.121790 	 4.738294 	
12 	 158578.125000 	 16.096800 	 3.264565 	
13 	 135984.375000 	 16.095211 	 1.870610 	
14 	 116671.867187 	 16.102640 	 0.482160 	
15 	 100078.125000 	 16.135826 	 -0.817796 	
16 	 85828.125000 	 16.175404 	 -2.144352 	
17 	 73640.625000 	 16.232546 	 -3.476398 	
18 	 63140.625000 	 16.307802 	 -4.832889 	
19 	 54140.625000 	 16.401876 	 -6.258588 	
20 	 46453.125000 	 16.515499 	 -7.762595 	
21 	 39890.625000 	 16.657539 	 -9.370999 	
22 	 34171.875000 	 16.835659 	 -11.099246 	
23 	 29296.875000 	 17.040108 	 -12.957055 	
24 	 25171.875000 	 17.291080 	 -14.953278 	
25 	 21609.375000 	 17.598316 	 -17.141491 	
26 	 18515.625000 	 17.972155 	 -19.551853 	
27 	 15890.625000 	 18.425274 	 -22.155071 	
28 	 13640.625000 	 18.972795 	 -24.966461 	
29 	 11671.875000 	 19.660421 	 -28.081835 	
30 	 10078.125000 	 20.454273 	 -31.201946 	
31 	 8578.125000 	 21.533541 	 -34.857868 	
32 	 7359.375488 	 22.811657 	 -38.484116 	
33 	 6328.125000 	 24.359955 	 -42.134109 	
34 	 5376.838379 	 26.408504 	 -46.101334 	
35 	 4641.543945 	 28.662838 	 -49.632160 	
36 	 3984.374756 	 31.522486 	 -53.102486 	
37 	 3421.875000 	 34.915012 	 -56.479118 	
38 	 2953.125000 	 38.766964 	 -59.539127 	
39 	 2527.573486 	 43.623650 	 -62.530602 	
40 	 2159.926514 	 49.403751 	 -65.253197 	
41 	 1847.956665 	 56.205872 	 -67.732239 	
42 	 1577.524048 	 64.288383 	 -69.898445 	
43 	 1359.375000 	 73.131783 	 -71.769630 	
44 	 1171.875000 	 83.412140 	 -73.423126 	
45 	 998.263855 	 96.272720 	 -74.972786 	
46 	 856.370239 	 110.643837 	 -76.268379 	
47 	 737.847229 	 126.840164 	 -77.409981 	
48 	 627.790161 	 147.090790 	 -78.295181 	
49 	 544.084778 	 167.883972 	 -79.202667 	
50 	 460.379456 	 195.950745 	 -79.953514 	
51 	 397.995270 	 224.384674 	 -80.555695 	
52 	 340.221771 	 259.740692 	 -81.116356 	
53 	 292.968750 	 298.670105 	 -81.574921 	
54 	 252.403839 	 343.103607 	 -81.799179 	
55 	 217.013885 	 395.375610 	 -82.159645 	
56 	 186.011902 	 456.900879 	 -82.475792 	
57 	 158.361496 	 531.404297 	 -82.757515 	
58 	 135.216339 	 616.302551 	 -82.984985 	
59 	 117.187500 	 704.835876 	 -83.154541 	
