IMPEDANCE MEASUREMENT 
10:55:44.279 AM 2026-10-07
Chamber temperature (K): 296.06
Chamber pressure (MPa): 22.95
Description: 	Default
Driving voltage (V): 0.01
Start freq (Hz): 1E+6
Stop freq (Hz): 1E+2
# freq steps: 60
Index #	Frequency (Hz)	Impedance (ohms)	Phase (degrees)
0 	 1000078.125000 	 19.560755 	 33.997391 	
1 	 857765.625000 	 18.713682 	 30.048565 	
2 	 735703.125000 	 18.050589 	 26.367172 	
3 	 630984.375000 	 17.528774 	 22.951054 	
4 	 541171.875000 	 17.135513 	 19.826674 	
5 	 464203.125000 	 16.830786 	 16.984962 	
6 	 398109.375000 	 16.597385 	 14.415967 	
7 	 341484.375000 	 16.435728 	 12.085816 	
8 	 292921.875000 	 16.306747 	 9.977288 	
9 	 251203.140625 	 16.217611 	 8.077522 	
10 	 215484.375000 	 16.155493 	 6.338931 	
11 	 184828.125000 	 16.111477 	 4.735653 	
12 	 158578.125000 	 16.092665 	 3.231673 	
13 	 135984.375000 	 16.090811 	 1.818588 	
14 	 116671.867187 	 16.117229 	 0.499853 	
15 	 100078.125000 	 16.137445 	 -0.827965 	
16 	 85828.125000 	 16.178179 	 -2.139915 	
17 	 73640.625000 	 16.236444 	 -3.468381 	
18 	 63140.625000 	 16.307293 	 -4.844429 	
19 	 54140.625000 	 16.404858 	 -6.263102 	
20 	 46453.125000 	 16.516489 	 -7.758187 	
21 	 39890.625000 	 16.658773 	 -9.343977 	
22 	 34171.875000 	 16.831244 	 -11.083391 	
23 	 29296.875000 	 17.042116 	 -12.951313 	
24 	 25171.875000 	 17.294937 	 -14.948050 	
25 	 21609.375000 	 17.598272 	 -17.134279 	
26 	 18515.625000 	 17.975992 	 -19.545574 	
27 	 15890.625000 	 18.421112 	 -22.161247 	
28 	 13640.625000 	 18.973093 	 -24.966759 	
29 	 11671.875000 	 19.663261 	 -28.072849 	
30 	 10078.125000 	 20.457539 	 -31.213535 	
31 	 8578.125000 	 21.537733 	 -34.857803 	
32 	 7359.375488 	 22.811747 	 -38.478294 	
33 	 6328.125000 	 24.359526 	 -42.132748 	
34 	 5376.838379 	 26.405584 	 -46.102623 	
35 	 4641.543945 	 28.665707 	 -49.621204 	
36 	 3984.374756 	 31.506712 	 -53.093971 	
37 	 3421.875000 	 34.891418 	 -56.453663 	
38 	 2953.125000 	 38.751759 	 -59.516254 	
39 	 2527.573486 	 43.608356 	 -62.525963 	
40 	 2159.926514 	 49.416203 	 -65.260681 	
41 	 1847.956665 	 56.182117 	 -67.706154 	
42 	 1577.524048 	 64.285919 	 -69.936195 	
43 	 1359.375000 	 73.114700 	 -71.775047 	
44 	 1171.875000 	 83.379929 	 -73.399902 	
45 	 998.263855 	 96.265984 	 -74.949341 	
46 	 856.370239 	 110.619644 	 -76.265381 	
47 	 737.847229 	 126.806023 	 -77.312927 	
48 	 627.790161 	 146.997009 	 -78.409691 	
49 	 544.084778 	 167.841446 	 -79.169533 	
50 	 460.379456 	 195.913345 	 -79.952049 	
51 	 397.995270 	 224.323456 	 -80.552101 	
52 	 340.221771 	 259.662323 	 -81.110497 	
53 	 292.968750 	 298.615143 	 -81.570251 	
54 	 252.403839 	 343.012512 	 -81.795395 	
55 	 217.013885 	 395.215881 	 -82.161858 	
56 	 186.011902 	 456.749817 	 -82.479958 	
57 	 158.361496 	 531.131409 	 -82.757294 	
58 	 135.216339 	 616.048706 	 -82.982857 	
59 	 117.187500 	 704.617737 	 -83.151733 	
