IMPEDANCE MEASUREMENT 
12:39:23.093 PM 2026-10-07
Chamber temperature (K): 296.14
Chamber pressure (MPa): 100.41
Description: 	Default
Driving voltage (V): 0.01
Start freq (Hz): 1E+6
Stop freq (Hz): 1E+2
# freq steps: 60
Index #	Frequency (Hz)	Impedance (ohms)	Phase (degrees)
0 	 1000078.125000 	 19.121422 	 34.619835 	
1 	 857765.625000 	 18.253548 	 30.707512 	
2 	 735703.125000 	 17.569702 	 26.961761 	
3 	 630984.375000 	 17.045061 	 23.532063 	
4 	 541171.875000 	 16.642738 	 20.394289 	
5 	 464203.125000 	 16.319487 	 17.531176 	
6 	 398109.375000 	 16.073219 	 14.890973 	
7 	 341484.375000 	 15.886982 	 12.492753 	
8 	 292921.875000 	 15.760069 	 10.341571 	
9 	 251203.140625 	 15.668762 	 8.375312 	
10 	 215484.375000 	 15.609756 	 6.590391 	
11 	 184828.125000 	 15.566408 	 4.966291 	
12 	 158578.125000 	 15.548827 	 3.434344 	
13 	 135984.375000 	 15.540590 	 1.980379 	
14 	 116671.867187 	 15.556171 	 0.619309 	
15 	 100078.125000 	 15.580654 	 -0.737544 	
16 	 85828.125000 	 15.619483 	 -2.071746 	
17 	 73640.625000 	 15.673023 	 -3.418291 	
18 	 63140.625000 	 15.744308 	 -4.801344 	
19 	 54140.625000 	 15.836599 	 -6.247234 	
20 	 46453.125000 	 15.953796 	 -7.754778 	
21 	 39890.625000 	 16.085567 	 -9.370825 	
22 	 34171.875000 	 16.257078 	 -11.110197 	
23 	 29296.875000 	 16.461443 	 -12.992491 	
24 	 25171.875000 	 16.705191 	 -14.986863 	
25 	 21609.375000 	 17.002943 	 -17.189848 	
26 	 18515.625000 	 17.361553 	 -19.620472 	
27 	 15890.625000 	 17.805443 	 -22.235830 	
28 	 13640.625000 	 18.335619 	 -25.072775 	
29 	 11671.875000 	 19.006807 	 -28.185482 	
30 	 10078.125000 	 19.783110 	 -31.329195 	
31 	 8578.125000 	 20.834887 	 -34.981647 	
32 	 7359.375488 	 22.076643 	 -38.606129 	
33 	 6328.125000 	 23.586893 	 -42.247936 	
34 	 5376.838379 	 25.573603 	 -46.228577 	
35 	 4641.543945 	 27.779783 	 -49.760731 	
36 	 3984.374756 	 30.537531 	 -53.225437 	
37 	 3421.875000 	 33.802559 	 -56.616047 	
38 	 2953.125000 	 37.600216 	 -59.619095 	
39 	 2527.573486 	 42.293125 	 -62.622227 	
40 	 2159.926514 	 47.917034 	 -65.344055 	
41 	 1847.956665 	 54.514908 	 -67.797859 	
42 	 1577.524048 	 62.342915 	 -69.988846 	
43 	 1359.375000 	 70.933868 	 -71.832161 	
44 	 1171.875000 	 80.847755 	 -73.479408 	
45 	 998.263855 	 93.360466 	 -74.994949 	
46 	 856.370239 	 107.158104 	 -76.297981 	
47 	 737.847229 	 122.756104 	 -77.332863 	
48 	 627.790161 	 142.634323 	 -78.428444 	
49 	 544.084778 	 162.880737 	 -79.318207 	
50 	 460.379456 	 190.018860 	 -80.040909 	
51 	 397.995270 	 217.618408 	 -80.653999 	
52 	 340.221771 	 251.917664 	 -81.227943 	
53 	 292.968750 	 289.770020 	 -81.694710 	
54 	 252.403839 	 332.961426 	 -81.915741 	
55 	 217.013885 	 383.736786 	 -82.296265 	
56 	 186.011902 	 443.584961 	 -82.623650 	
57 	 158.361496 	 515.967834 	 -82.920174 	
58 	 135.216339 	 598.624878 	 -83.154312 	
59 	 117.187500 	 684.851807 	 -83.326920 	
