IMPEDANCE MEASUREMENT 
9:10:14.637 AM 2026-10-07
Chamber temperature (K): 296.05
Chamber pressure (MPa): 2.16
Description: 	Default
Driving voltage (V): 0.01
Start freq (Hz): 1E+6
Stop freq (Hz): 1E+2
# freq steps: 60
Index #	Frequency (Hz)	Impedance (ohms)	Phase (degrees)
0 	 1000078.125000 	 19.752224 	 33.730618 	
1 	 857765.625000 	 18.897770 	 29.816891 	
2 	 735703.125000 	 18.229053 	 26.128378 	
3 	 630984.375000 	 17.705156 	 22.749624 	
4 	 541171.875000 	 17.316547 	 19.641560 	
5 	 464203.125000 	 17.019125 	 16.825609 	
6 	 398109.375000 	 16.788036 	 14.262602 	
7 	 341484.375000 	 16.618923 	 11.963481 	
8 	 292921.875000 	 16.495247 	 9.896547 	
9 	 251203.140625 	 16.405569 	 7.974209 	
10 	 215484.375000 	 16.344765 	 6.265703 	
11 	 184828.125000 	 16.300886 	 4.689162 	
12 	 158578.125000 	 16.279829 	 3.193631 	
13 	 135984.375000 	 16.281843 	 1.786955 	
14 	 116671.867187 	 16.301538 	 0.462079 	
15 	 100078.125000 	 16.323717 	 -0.835125 	
16 	 85828.125000 	 16.367247 	 -2.140664 	
17 	 73640.625000 	 16.422338 	 -3.461335 	
18 	 63140.625000 	 16.499535 	 -4.823184 	
19 	 54140.625000 	 16.593616 	 -6.223971 	
20 	 46453.125000 	 16.711353 	 -7.718374 	
21 	 39890.625000 	 16.846981 	 -9.305187 	
22 	 34171.875000 	 17.024712 	 -11.042980 	
23 	 29296.875000 	 17.234900 	 -12.877146 	
24 	 25171.875000 	 17.484781 	 -14.881577 	
25 	 21609.375000 	 17.789465 	 -17.059187 	
26 	 18515.625000 	 18.170231 	 -19.452560 	
27 	 15890.625000 	 18.620464 	 -22.024279 	
28 	 13640.625000 	 19.166077 	 -24.844902 	
29 	 11671.875000 	 19.864666 	 -27.942814 	
30 	 10078.125000 	 20.662985 	 -31.063160 	
31 	 8578.125000 	 21.737614 	 -34.686760 	
32 	 7359.375488 	 23.017668 	 -38.296612 	
33 	 6328.125000 	 24.569500 	 -41.944260 	
34 	 5376.838379 	 26.619570 	 -45.902939 	
35 	 4641.543945 	 28.883425 	 -49.466671 	
36 	 3984.374756 	 31.754381 	 -52.929466 	
37 	 3421.875000 	 35.107452 	 -56.315998 	
38 	 2953.125000 	 39.028992 	 -59.391487 	
39 	 2527.573486 	 43.888866 	 -62.419090 	
40 	 2159.926514 	 49.719048 	 -65.156425 	
41 	 1847.956665 	 56.502842 	 -67.564552 	
42 	 1577.524048 	 64.639687 	 -69.786095 	
43 	 1359.375000 	 73.546631 	 -71.672470 	
44 	 1171.875000 	 83.792862 	 -73.309296 	
45 	 998.263855 	 96.847481 	 -74.890274 	
46 	 856.370239 	 111.144356 	 -76.171989 	
47 	 737.847229 	 127.467583 	 -77.189064 	
48 	 627.790161 	 147.785797 	 -78.338646 	
49 	 544.084778 	 168.440720 	 -79.101616 	
50 	 460.379456 	 196.901230 	 -79.885345 	
51 	 397.995270 	 225.451157 	 -80.491653 	
52 	 340.221771 	 260.938477 	 -81.047348 	
53 	 292.968750 	 300.031952 	 -81.507492 	
54 	 252.403839 	 343.951813 	 -81.702774 	
55 	 217.013885 	 396.668732 	 -82.070282 	
56 	 186.011902 	 458.529327 	 -82.386688 	
57 	 158.361496 	 533.263367 	 -82.667480 	
58 	 135.216339 	 618.479004 	 -82.891579 	
59 	 117.187500 	 707.388611 	 -83.066353 	
