IMPEDANCE MEASUREMENT 
12:03:40.114 PM 2026-10-07
Chamber temperature (K): 296.11
Chamber pressure (MPa): 74.93
Description: 	Default
Driving voltage (V): 0.01
Start freq (Hz): 1E+6
Stop freq (Hz): 1E+2
# freq steps: 60
Index #	Frequency (Hz)	Impedance (ohms)	Phase (degrees)
0 	 1000078.125000 	 19.238350 	 34.391182 	
1 	 857765.625000 	 18.371368 	 30.469128 	
2 	 735703.125000 	 17.689806 	 26.751472 	
3 	 630984.375000 	 17.170889 	 23.320810 	
4 	 541171.875000 	 16.772549 	 20.206091 	
5 	 464203.125000 	 16.445057 	 17.364008 	
6 	 398109.375000 	 16.204927 	 14.751211 	
7 	 341484.375000 	 16.023558 	 12.378647 	
8 	 292921.875000 	 15.893455 	 10.231630 	
9 	 251203.140625 	 15.800405 	 8.288960 	
10 	 215484.375000 	 15.733265 	 6.500353 	
11 	 184828.125000 	 15.698988 	 4.879138 	
12 	 158578.125000 	 15.672702 	 3.382359 	
13 	 135984.375000 	 15.675295 	 1.944590 	
14 	 116671.867187 	 15.692844 	 0.545904 	
15 	 100078.125000 	 15.714737 	 -0.754443 	
16 	 85828.125000 	 15.757299 	 -2.090101 	
17 	 73640.625000 	 15.810525 	 -3.426678 	
18 	 63140.625000 	 15.886131 	 -4.810966 	
19 	 54140.625000 	 15.977194 	 -6.252833 	
20 	 46453.125000 	 16.091188 	 -7.762564 	
21 	 39890.625000 	 16.227798 	 -9.350813 	
22 	 34171.875000 	 16.398851 	 -11.111638 	
23 	 29296.875000 	 16.606031 	 -12.965472 	
24 	 25171.875000 	 16.844692 	 -14.990332 	
25 	 21609.375000 	 17.143564 	 -17.185820 	
26 	 18515.625000 	 17.516706 	 -19.597591 	
27 	 15890.625000 	 17.951630 	 -22.202353 	
28 	 13640.625000 	 18.494408 	 -25.033873 	
29 	 11671.875000 	 19.167702 	 -28.159149 	
30 	 10078.125000 	 19.950342 	 -31.283226 	
31 	 8578.125000 	 21.008745 	 -34.934044 	
32 	 7359.375488 	 22.262255 	 -38.571732 	
33 	 6328.125000 	 23.774626 	 -42.209492 	
34 	 5376.838379 	 25.779968 	 -46.190502 	
35 	 4641.543945 	 27.980352 	 -49.713150 	
36 	 3984.374756 	 30.778357 	 -53.196358 	
37 	 3421.875000 	 34.067867 	 -56.553898 	
38 	 2953.125000 	 37.848476 	 -59.584560 	
39 	 2527.573486 	 42.616364 	 -62.629360 	
40 	 2159.926514 	 48.262287 	 -65.353600 	
41 	 1847.956665 	 54.874241 	 -67.806885 	
42 	 1577.524048 	 62.765282 	 -69.971802 	
43 	 1359.375000 	 71.413979 	 -71.849937 	
44 	 1171.875000 	 81.473839 	 -73.464806 	
45 	 998.263855 	 93.996078 	 -74.945763 	
46 	 856.370239 	 108.099503 	 -76.272919 	
47 	 737.847229 	 123.734352 	 -77.351624 	
48 	 627.790161 	 143.584442 	 -78.410553 	
49 	 544.084778 	 163.838898 	 -79.213501 	
50 	 460.379456 	 191.390427 	 -80.028122 	
51 	 397.995270 	 219.181396 	 -80.640228 	
52 	 340.221771 	 253.762054 	 -81.208115 	
53 	 292.968750 	 291.863007 	 -81.676529 	
54 	 252.403839 	 335.351593 	 -81.901772 	
55 	 217.013885 	 386.460968 	 -82.277603 	
56 	 186.011902 	 446.671600 	 -82.605415 	
57 	 158.361496 	 519.575439 	 -82.895256 	
58 	 135.216339 	 602.776611 	 -83.131950 	
59 	 117.187500 	 689.516296 	 -83.320251 	
