IMPEDANCE MEASUREMENT 
10:05:26.782 AM 2026-10-07
Chamber temperature (K): 296.04
Chamber pressure (MPa): 1.55
Description: 	Default
Driving voltage (V): 0.01
Start freq (Hz): 1E+6
Stop freq (Hz): 1E+2
# freq steps: 60
Index #	Frequency (Hz)	Impedance (ohms)	Phase (degrees)
0 	 1000078.125000 	 19.770592 	 33.613171 	
1 	 857765.625000 	 18.916386 	 29.739208 	
2 	 735703.125000 	 18.258436 	 26.089699 	
3 	 630984.375000 	 17.742685 	 22.689753 	
4 	 541171.875000 	 17.347525 	 19.611824 	
5 	 464203.125000 	 17.045216 	 16.787672 	
6 	 398109.375000 	 16.817856 	 14.243290 	
7 	 341484.375000 	 16.644022 	 11.937889 	
8 	 292921.875000 	 16.524216 	 9.857191 	
9 	 251203.140625 	 16.424206 	 7.971366 	
10 	 215484.375000 	 16.373590 	 6.242110 	
11 	 184828.125000 	 16.335274 	 4.643199 	
12 	 158578.125000 	 16.312626 	 3.187281 	
13 	 135984.375000 	 16.314079 	 1.791839 	
14 	 116671.867187 	 16.324236 	 0.437445 	
15 	 100078.125000 	 16.353197 	 -0.851028 	
16 	 85828.125000 	 16.393002 	 -2.139155 	
17 	 73640.625000 	 16.451380 	 -3.470780 	
18 	 63140.625000 	 16.527727 	 -4.836710 	
19 	 54140.625000 	 16.623663 	 -6.250482 	
20 	 46453.125000 	 16.736708 	 -7.734028 	
21 	 39890.625000 	 16.879593 	 -9.318203 	
22 	 34171.875000 	 17.057989 	 -11.044534 	
23 	 29296.875000 	 17.266956 	 -12.900375 	
24 	 25171.875000 	 17.520876 	 -14.902676 	
25 	 21609.375000 	 17.829702 	 -17.060678 	
26 	 18515.625000 	 18.205135 	 -19.477392 	
27 	 15890.625000 	 18.659096 	 -22.076874 	
28 	 13640.625000 	 19.213549 	 -24.871582 	
29 	 11671.875000 	 19.904182 	 -27.959700 	
30 	 10078.125000 	 20.702438 	 -31.082945 	
31 	 8578.125000 	 21.791412 	 -34.710888 	
32 	 7359.375488 	 23.073681 	 -38.343407 	
33 	 6328.125000 	 24.627739 	 -41.986168 	
34 	 5376.838379 	 26.675842 	 -45.975803 	
35 	 4641.543945 	 28.961460 	 -49.482754 	
36 	 3984.374756 	 31.820585 	 -52.939453 	
37 	 3421.875000 	 35.228027 	 -56.339188 	
38 	 2953.125000 	 39.144245 	 -59.432625 	
39 	 2527.573486 	 44.021481 	 -62.404362 	
40 	 2159.926514 	 49.875568 	 -65.160110 	
41 	 1847.956665 	 56.690289 	 -67.640030 	
42 	 1577.524048 	 64.815742 	 -69.841522 	
43 	 1359.375000 	 73.749794 	 -71.715622 	
44 	 1171.875000 	 84.104546 	 -73.365479 	
45 	 998.263855 	 97.136864 	 -74.906036 	
46 	 856.370239 	 111.580826 	 -76.204468 	
47 	 737.847229 	 127.768318 	 -77.255829 	
48 	 627.790161 	 148.357819 	 -78.362946 	
49 	 544.084778 	 169.289597 	 -79.114143 	
50 	 460.379456 	 197.512100 	 -79.885895 	
51 	 397.995270 	 226.151794 	 -80.485458 	
52 	 340.221771 	 261.750275 	 -81.045898 	
53 	 292.968750 	 300.963745 	 -81.502586 	
54 	 252.403839 	 345.697052 	 -81.730652 	
55 	 217.013885 	 398.260468 	 -82.090858 	
56 	 186.011902 	 460.169678 	 -82.401825 	
57 	 158.361496 	 535.114014 	 -82.680618 	
58 	 135.216339 	 620.546631 	 -82.898247 	
59 	 117.187500 	 709.511536 	 -83.063530 	
