IMPEDANCE MEASUREMENT 
4:39:15.775 PM 2026-10-07
Chamber temperature (K): 296.26
Chamber pressure (MPa): 124.91
Description: 	Default
Driving voltage (V): 0.01
Start freq (Hz): 1E+6
Stop freq (Hz): 1E+2
# freq steps: 60
Index #	Frequency (Hz)	Impedance (ohms)	Phase (degrees)
0 	 1000078.125000 	 19.028423 	 34.943718 	
1 	 857765.625000 	 18.153366 	 30.983400 	
2 	 735703.125000 	 17.457449 	 27.244997 	
3 	 630984.375000 	 16.917557 	 23.771505 	
4 	 541171.875000 	 16.505644 	 20.619398 	
5 	 464203.125000 	 16.181622 	 17.700157 	
6 	 398109.375000 	 15.933321 	 15.051744 	
7 	 341484.375000 	 15.757249 	 12.622314 	
8 	 292921.875000 	 15.628327 	 10.448921 	
9 	 251203.140625 	 15.536366 	 8.471448 	
10 	 215484.375000 	 15.469747 	 6.647789 	
11 	 184828.125000 	 15.422764 	 5.016596 	
12 	 158578.125000 	 15.407289 	 3.475722 	
13 	 135984.375000 	 15.409632 	 2.053955 	
14 	 116671.867187 	 15.415466 	 0.659327 	
15 	 100078.125000 	 15.438274 	 -0.699493 	
16 	 85828.125000 	 15.477359 	 -2.040879 	
17 	 73640.625000 	 15.533643 	 -3.393037 	
18 	 63140.625000 	 15.604679 	 -4.788011 	
19 	 54140.625000 	 15.698958 	 -6.228085 	
20 	 46453.125000 	 15.810939 	 -7.759727 	
21 	 39890.625000 	 15.946658 	 -9.368649 	
22 	 34171.875000 	 16.116415 	 -11.106503 	
23 	 29296.875000 	 16.318802 	 -12.987451 	
24 	 25171.875000 	 16.559826 	 -15.018299 	
25 	 21609.375000 	 16.857759 	 -17.209322 	
26 	 18515.625000 	 17.216913 	 -19.630770 	
27 	 15890.625000 	 17.652473 	 -22.235987 	
28 	 13640.625000 	 18.183481 	 -25.068636 	
29 	 11671.875000 	 18.850290 	 -28.191744 	
30 	 10078.125000 	 19.623463 	 -31.332052 	
31 	 8578.125000 	 20.664959 	 -34.997482 	
32 	 7359.375488 	 21.894297 	 -38.606625 	
33 	 6328.125000 	 23.392220 	 -42.239025 	
34 	 5376.838379 	 25.366257 	 -46.202080 	
35 	 4641.543945 	 27.545113 	 -49.733799 	
36 	 3984.374756 	 30.296537 	 -53.239780 	
37 	 3421.875000 	 33.535606 	 -56.575775 	
38 	 2953.125000 	 37.260685 	 -59.630577 	
39 	 2527.573486 	 41.887295 	 -62.591076 	
40 	 2159.926514 	 47.489468 	 -65.335602 	
41 	 1847.956665 	 54.024208 	 -67.774994 	
42 	 1577.524048 	 61.749813 	 -70.001648 	
43 	 1359.375000 	 70.303871 	 -71.811836 	
44 	 1171.875000 	 80.131866 	 -73.474297 	
45 	 998.263855 	 92.539185 	 -75.021935 	
46 	 856.370239 	 106.294106 	 -76.347427 	
47 	 737.847229 	 121.697899 	 -77.437424 	
48 	 627.790161 	 141.316269 	 -78.501274 	
49 	 544.084778 	 161.324997 	 -79.263252 	
50 	 460.379456 	 188.298737 	 -80.057594 	
51 	 397.995270 	 215.661148 	 -80.672142 	
52 	 340.221771 	 249.699020 	 -81.248154 	
53 	 292.968750 	 287.191589 	 -81.720497 	
54 	 252.403839 	 329.990631 	 -81.957291 	
55 	 217.013885 	 380.331390 	 -82.331802 	
56 	 186.011902 	 439.643188 	 -82.664093 	
57 	 158.361496 	 511.448822 	 -82.960876 	
58 	 135.216339 	 593.384033 	 -83.201141 	
59 	 117.187500 	 678.935181 	 -83.399742 	
