IMPEDANCE MEASUREMENT 
11:29:19.152 AM 2026-10-07
Chamber temperature (K): 296.08
Chamber pressure (MPa): 50.61
Description: 	Default
Driving voltage (V): 0.01
Start freq (Hz): 1E+6
Stop freq (Hz): 1E+2
# freq steps: 60
Index #	Frequency (Hz)	Impedance (ohms)	Phase (degrees)
0 	 1000078.125000 	 19.385347 	 34.372772 	
1 	 857765.625000 	 18.518005 	 30.417145 	
2 	 735703.125000 	 17.833050 	 26.717443 	
3 	 630984.375000 	 17.309750 	 23.273174 	
4 	 541171.875000 	 16.906193 	 20.093693 	
5 	 464203.125000 	 16.598070 	 17.229023 	
6 	 398109.375000 	 16.370777 	 14.633183 	
7 	 341484.375000 	 16.190062 	 12.278691 	
8 	 292921.875000 	 16.064510 	 10.130187 	
9 	 251203.140625 	 15.978193 	 8.225695 	
10 	 215484.375000 	 15.911821 	 6.431322 	
11 	 184828.125000 	 15.871722 	 4.821169 	
12 	 158578.125000 	 15.854569 	 3.346455 	
13 	 135984.375000 	 15.850500 	 1.897003 	
14 	 116671.867187 	 15.862730 	 0.533377 	
15 	 100078.125000 	 15.890953 	 -0.783061 	
16 	 85828.125000 	 15.933847 	 -2.112754 	
17 	 73640.625000 	 15.984308 	 -3.439568 	
18 	 63140.625000 	 16.061481 	 -4.813172 	
19 	 54140.625000 	 16.156061 	 -6.262910 	
20 	 46453.125000 	 16.263483 	 -7.763995 	
21 	 39890.625000 	 16.406731 	 -9.360162 	
22 	 34171.875000 	 16.577013 	 -11.100869 	
23 	 29296.875000 	 16.787512 	 -12.965395 	
24 	 25171.875000 	 17.035101 	 -14.967994 	
25 	 21609.375000 	 17.334450 	 -17.158890 	
26 	 18515.625000 	 17.700150 	 -19.581556 	
27 	 15890.625000 	 18.149733 	 -22.190817 	
28 	 13640.625000 	 18.693350 	 -25.018343 	
29 	 11671.875000 	 19.375462 	 -28.134283 	
30 	 10078.125000 	 20.168018 	 -31.258814 	
31 	 8578.125000 	 21.232779 	 -34.919041 	
32 	 7359.375488 	 22.489920 	 -38.532597 	
33 	 6328.125000 	 24.019922 	 -42.188416 	
34 	 5376.838379 	 26.047243 	 -46.152374 	
35 	 4641.543945 	 28.266066 	 -49.671356 	
36 	 3984.374756 	 31.090517 	 -53.131573 	
37 	 3421.875000 	 34.431404 	 -56.489979 	
38 	 2953.125000 	 38.253349 	 -59.543991 	
39 	 2527.573486 	 43.041359 	 -62.566837 	
40 	 2159.926514 	 48.775043 	 -65.294762 	
41 	 1847.956665 	 55.423920 	 -67.714264 	
42 	 1577.524048 	 63.390217 	 -69.944695 	
43 	 1359.375000 	 72.144310 	 -71.791824 	
44 	 1171.875000 	 82.250061 	 -73.432495 	
45 	 998.263855 	 94.893829 	 -74.971252 	
46 	 856.370239 	 109.191574 	 -76.294495 	
47 	 737.847229 	 125.133667 	 -77.331017 	
48 	 627.790161 	 144.981323 	 -78.450714 	
49 	 544.084778 	 165.791260 	 -79.214798 	
50 	 460.379456 	 193.326523 	 -80.001740 	
51 	 397.995270 	 221.382767 	 -80.611839 	
52 	 340.221771 	 256.281860 	 -81.174210 	
53 	 292.968750 	 294.762543 	 -81.640305 	
54 	 252.403839 	 338.638733 	 -81.877502 	
55 	 217.013885 	 390.233948 	 -82.249916 	
56 	 186.011902 	 450.993500 	 -82.566452 	
57 	 158.361496 	 524.586426 	 -82.858833 	
58 	 135.216339 	 608.535828 	 -83.090401 	
59 	 117.187500 	 696.081604 	 -83.274765 	
