IMPEDANCE MEASUREMENT 
9:11:08.168 AM 2026-10-07
Chamber temperature (K): 296.05
Chamber pressure (MPa): 2.62
Description: 	Default
Driving voltage (V): 0.01
Start freq (Hz): 1E+6
Stop freq (Hz): 1E+2
# freq steps: 60
Index #	Frequency (Hz)	Impedance (ohms)	Phase (degrees)
0 	 1000078.125000 	 19.742931 	 33.701332 	
1 	 857765.625000 	 18.893454 	 29.795273 	
2 	 735703.125000 	 18.229322 	 26.141090 	
3 	 630984.375000 	 17.710993 	 22.737671 	
4 	 541171.875000 	 17.313507 	 19.636028 	
5 	 464203.125000 	 17.011059 	 16.833515 	
6 	 398109.375000 	 16.796816 	 14.273834 	
7 	 341484.375000 	 16.621605 	 11.945268 	
8 	 292921.875000 	 16.493128 	 9.880389 	
9 	 251203.140625 	 16.405212 	 7.991065 	
10 	 215484.375000 	 16.347738 	 6.270972 	
11 	 184828.125000 	 16.303152 	 4.683960 	
12 	 158578.125000 	 16.289505 	 3.197519 	
13 	 135984.375000 	 16.281105 	 1.816130 	
14 	 116671.867187 	 16.297888 	 0.467844 	
15 	 100078.125000 	 16.330000 	 -0.839718 	
16 	 85828.125000 	 16.367294 	 -2.139156 	
17 	 73640.625000 	 16.423813 	 -3.452690 	
18 	 63140.625000 	 16.496284 	 -4.805710 	
19 	 54140.625000 	 16.591545 	 -6.225032 	
20 	 46453.125000 	 16.707922 	 -7.726098 	
21 	 39890.625000 	 16.848640 	 -9.302135 	
22 	 34171.875000 	 17.025515 	 -11.016738 	
23 	 29296.875000 	 17.235306 	 -12.870935 	
24 	 25171.875000 	 17.489008 	 -14.862368 	
25 	 21609.375000 	 17.791565 	 -17.040476 	
26 	 18515.625000 	 18.168985 	 -19.443235 	
27 	 15890.625000 	 18.622644 	 -22.027256 	
28 	 13640.625000 	 19.173115 	 -24.830849 	
29 	 11671.875000 	 19.861670 	 -27.928974 	
30 	 10078.125000 	 20.659100 	 -31.061897 	
31 	 8578.125000 	 21.742094 	 -34.666492 	
32 	 7359.375488 	 23.013231 	 -38.303356 	
33 	 6328.125000 	 24.565464 	 -41.920952 	
34 	 5376.838379 	 26.609262 	 -45.910686 	
35 	 4641.543945 	 28.884239 	 -49.434334 	
36 	 3984.374756 	 31.734886 	 -52.947136 	
37 	 3421.875000 	 35.135483 	 -56.329960 	
38 	 2953.125000 	 39.027527 	 -59.405327 	
39 	 2527.573486 	 43.887127 	 -62.386608 	
40 	 2159.926514 	 49.686577 	 -65.176712 	
41 	 1847.956665 	 56.504429 	 -67.579170 	
42 	 1577.524048 	 64.619568 	 -69.811920 	
43 	 1359.375000 	 73.543953 	 -71.670616 	
44 	 1171.875000 	 83.790901 	 -73.312073 	
45 	 998.263855 	 96.786667 	 -74.848267 	
46 	 856.370239 	 111.110809 	 -76.163872 	
47 	 737.847229 	 127.337975 	 -77.243256 	
48 	 627.790161 	 147.801773 	 -78.281166 	
49 	 544.084778 	 168.641342 	 -79.101875 	
50 	 460.379456 	 196.817337 	 -79.880333 	
51 	 397.995270 	 225.364380 	 -80.484154 	
52 	 340.221771 	 260.857422 	 -81.043518 	
53 	 292.968750 	 299.926453 	 -81.504501 	
54 	 252.403839 	 343.783020 	 -81.695648 	
55 	 217.013885 	 396.471100 	 -82.063919 	
56 	 186.011902 	 458.321503 	 -82.384521 	
57 	 158.361496 	 533.055542 	 -82.656647 	
58 	 135.216339 	 618.216980 	 -82.892395 	
59 	 117.187500 	 707.133728 	 -83.052574 	
