IMPEDANCE MEASUREMENT 
1:13:29.347 PM 2026-10-07
Chamber temperature (K): 296.17
Chamber pressure (MPa): 124.75
Description: 	Default
Driving voltage (V): 0.01
Start freq (Hz): 1E+6
Stop freq (Hz): 1E+2
# freq steps: 60
Index #	Frequency (Hz)	Impedance (ohms)	Phase (degrees)
0 	 1000078.125000 	 19.055935 	 34.861179 	
1 	 857765.625000 	 18.161983 	 30.881170 	
2 	 735703.125000 	 17.473495 	 27.154440 	
3 	 630984.375000 	 16.938343 	 23.682203 	
4 	 541171.875000 	 16.530775 	 20.536768 	
5 	 464203.125000 	 16.208315 	 17.662752 	
6 	 398109.375000 	 15.969244 	 15.015364 	
7 	 341484.375000 	 15.786985 	 12.607566 	
8 	 292921.875000 	 15.659025 	 10.406860 	
9 	 251203.140625 	 15.561425 	 8.423682 	
10 	 215484.375000 	 15.495611 	 6.616535 	
11 	 184828.125000 	 15.455564 	 5.014286 	
12 	 158578.125000 	 15.441298 	 3.452128 	
13 	 135984.375000 	 15.435423 	 2.010731 	
14 	 116671.867187 	 15.449382 	 0.629527 	
15 	 100078.125000 	 15.468773 	 -0.709611 	
16 	 85828.125000 	 15.509655 	 -2.054910 	
17 	 73640.625000 	 15.564388 	 -3.395617 	
18 	 63140.625000 	 15.631740 	 -4.792674 	
19 	 54140.625000 	 15.724936 	 -6.238267 	
20 	 46453.125000 	 15.839338 	 -7.759271 	
21 	 39890.625000 	 15.974833 	 -9.367880 	
22 	 34171.875000 	 16.143129 	 -11.113429 	
23 	 29296.875000 	 16.343731 	 -12.998761 	
24 	 25171.875000 	 16.588882 	 -15.004880 	
25 	 21609.375000 	 16.881645 	 -17.190655 	
26 	 18515.625000 	 17.242294 	 -19.651245 	
27 	 15890.625000 	 17.680124 	 -22.262648 	
28 	 13640.625000 	 18.211252 	 -25.094286 	
29 	 11671.875000 	 18.883852 	 -28.211641 	
30 	 10078.125000 	 19.652477 	 -31.379087 	
31 	 8578.125000 	 20.700317 	 -35.034943 	
32 	 7359.375488 	 21.940134 	 -38.666882 	
33 	 6328.125000 	 23.440042 	 -42.335464 	
34 	 5376.838379 	 25.427208 	 -46.276329 	
35 	 4641.543945 	 27.604105 	 -49.812077 	
36 	 3984.374756 	 30.385578 	 -53.289814 	
37 	 3421.875000 	 33.621414 	 -56.674591 	
38 	 2953.125000 	 37.383675 	 -59.686607 	
39 	 2527.573486 	 42.094170 	 -62.675083 	
40 	 2159.926514 	 47.698650 	 -65.374069 	
41 	 1847.956665 	 54.227219 	 -67.817390 	
42 	 1577.524048 	 62.006973 	 -69.993553 	
43 	 1359.375000 	 70.549011 	 -71.828049 	
44 	 1171.875000 	 80.413094 	 -73.457085 	
45 	 998.263855 	 92.912354 	 -75.021667 	
46 	 856.370239 	 106.630035 	 -76.327637 	
47 	 737.847229 	 122.044296 	 -77.441643 	
48 	 627.790161 	 141.716248 	 -78.454453 	
49 	 544.084778 	 161.689301 	 -79.305405 	
50 	 460.379456 	 188.984848 	 -80.026924 	
51 	 397.995270 	 216.430328 	 -80.635086 	
52 	 340.221771 	 250.574722 	 -81.202744 	
53 	 292.968750 	 288.176147 	 -81.674583 	
54 	 252.403839 	 331.096954 	 -81.890556 	
55 	 217.013885 	 381.617462 	 -82.259689 	
56 	 186.011902 	 441.016602 	 -82.586929 	
57 	 158.361496 	 513.002441 	 -82.873329 	
58 	 135.216339 	 595.049377 	 -83.107887 	
59 	 117.187500 	 680.624207 	 -83.287750 	
