IMPEDANCE MEASUREMENT 
3:31:18.638 PM 2026-10-07
Chamber temperature (K): 296.25
Chamber pressure (MPa): 174.57
Description: 	Default
Driving voltage (V): 0.01
Start freq (Hz): 1E+6
Stop freq (Hz): 1E+2
# freq steps: 60
Index #	Frequency (Hz)	Impedance (ohms)	Phase (degrees)
0 	 1000078.125000 	 18.934399 	 35.168385 	
1 	 857765.625000 	 18.046761 	 31.193598 	
2 	 735703.125000 	 17.353752 	 27.456511 	
3 	 630984.375000 	 16.813406 	 23.958971 	
4 	 541171.875000 	 16.393452 	 20.744844 	
5 	 464203.125000 	 16.072077 	 17.834902 	
6 	 398109.375000 	 15.819345 	 15.155678 	
7 	 341484.375000 	 15.647743 	 12.724081 	
8 	 292921.875000 	 15.512740 	 10.551956 	
9 	 251203.140625 	 15.423209 	 8.559402 	
10 	 215484.375000 	 15.360964 	 6.755500 	
11 	 184828.125000 	 15.317612 	 5.094209 	
12 	 158578.125000 	 15.295016 	 3.550059 	
13 	 135984.375000 	 15.282784 	 2.088134 	
14 	 116671.867187 	 15.301389 	 0.701407 	
15 	 100078.125000 	 15.328050 	 -0.645878 	
16 	 85828.125000 	 15.361830 	 -1.991497 	
17 	 73640.625000 	 15.419584 	 -3.358357 	
18 	 63140.625000 	 15.487763 	 -4.760239 	
19 	 54140.625000 	 15.578672 	 -6.189888 	
20 	 46453.125000 	 15.689062 	 -7.707637 	
21 	 39890.625000 	 15.825381 	 -9.308207 	
22 	 34171.875000 	 15.988478 	 -11.060600 	
23 	 29296.875000 	 16.191086 	 -12.941547 	
24 	 25171.875000 	 16.431339 	 -14.948649 	
25 	 21609.375000 	 16.718124 	 -17.151224 	
26 	 18515.625000 	 17.076998 	 -19.553181 	
27 	 15890.625000 	 17.505074 	 -22.180733 	
28 	 13640.625000 	 18.031204 	 -25.005682 	
29 	 11671.875000 	 18.687946 	 -28.129595 	
30 	 10078.125000 	 19.450148 	 -31.270887 	
31 	 8578.125000 	 20.492067 	 -34.921658 	
32 	 7359.375488 	 21.707201 	 -38.537506 	
33 	 6328.125000 	 23.180859 	 -42.194973 	
34 	 5376.838379 	 25.143208 	 -46.153309 	
35 	 4641.543945 	 27.295181 	 -49.668221 	
36 	 3984.374756 	 29.991268 	 -53.139359 	
37 	 3421.875000 	 33.246616 	 -56.510723 	
38 	 2953.125000 	 36.897034 	 -59.591667 	
39 	 2527.573486 	 41.521595 	 -62.555344 	
40 	 2159.926514 	 47.044575 	 -65.300217 	
41 	 1847.956665 	 53.503445 	 -67.732262 	
42 	 1577.524048 	 61.197865 	 -69.944382 	
43 	 1359.375000 	 69.587288 	 -71.803772 	
44 	 1171.875000 	 79.402565 	 -73.429161 	
45 	 998.263855 	 91.559540 	 -75.041046 	
46 	 856.370239 	 105.321709 	 -76.313301 	
47 	 737.847229 	 120.526756 	 -77.414734 	
48 	 627.790161 	 140.056870 	 -78.384453 	
49 	 544.084778 	 159.531921 	 -79.258881 	
50 	 460.379456 	 186.531738 	 -80.103157 	
51 	 397.995270 	 213.639786 	 -80.720322 	
52 	 340.221771 	 247.391373 	 -81.304169 	
53 	 292.968750 	 284.589172 	 -81.782356 	
54 	 252.403839 	 326.986786 	 -82.014473 	
55 	 217.013885 	 376.943695 	 -82.392509 	
56 	 186.011902 	 435.787109 	 -82.732971 	
57 	 158.361496 	 507.068481 	 -83.036438 	
58 	 135.216339 	 588.381409 	 -83.286026 	
59 	 117.187500 	 673.207031 	 -83.484276 	
