IMPEDANCE MEASUREMENT 
4:07:15.095 PM 2026-10-07
Chamber temperature (K): 296.26
Chamber pressure (MPa): 150.41
Description: 	Default
Driving voltage (V): 0.01
Start freq (Hz): 1E+6
Stop freq (Hz): 1E+2
# freq steps: 60
Index #	Frequency (Hz)	Impedance (ohms)	Phase (degrees)
0 	 1000078.125000 	 18.970280 	 35.055294 	
1 	 857765.625000 	 18.079390 	 31.104233 	
2 	 735703.125000 	 17.394171 	 27.365129 	
3 	 630984.375000 	 16.854616 	 23.890413 	
4 	 541171.875000 	 16.435574 	 20.700163 	
5 	 464203.125000 	 16.110733 	 17.769758 	
6 	 398109.375000 	 15.859338 	 15.107730 	
7 	 341484.375000 	 15.680546 	 12.667044 	
8 	 292921.875000 	 15.553400 	 10.510796 	
9 	 251203.140625 	 15.455689 	 8.521754 	
10 	 215484.375000 	 15.392344 	 6.709999 	
11 	 184828.125000 	 15.351646 	 5.070809 	
12 	 158578.125000 	 15.338705 	 3.519408 	
13 	 135984.375000 	 15.327137 	 2.055493 	
14 	 116671.867187 	 15.338407 	 0.679543 	
15 	 100078.125000 	 15.367000 	 -0.674480 	
16 	 85828.125000 	 15.403632 	 -2.017415 	
17 	 73640.625000 	 15.456157 	 -3.370681 	
18 	 63140.625000 	 15.528900 	 -4.767983 	
19 	 54140.625000 	 15.623230 	 -6.223180 	
20 	 46453.125000 	 15.730120 	 -7.727205 	
21 	 39890.625000 	 15.866874 	 -9.336880 	
22 	 34171.875000 	 16.034344 	 -11.081593 	
23 	 29296.875000 	 16.238396 	 -12.978999 	
24 	 25171.875000 	 16.478836 	 -14.973992 	
25 	 21609.375000 	 16.770473 	 -17.176378 	
26 	 18515.625000 	 17.127686 	 -19.600740 	
27 	 15890.625000 	 17.565323 	 -22.224836 	
28 	 13640.625000 	 18.088902 	 -25.039211 	
29 	 11671.875000 	 18.754194 	 -28.169928 	
30 	 10078.125000 	 19.515821 	 -31.304104 	
31 	 8578.125000 	 20.558468 	 -34.950336 	
32 	 7359.375488 	 21.779932 	 -38.590576 	
33 	 6328.125000 	 23.266157 	 -42.226543 	
34 	 5376.838379 	 25.234373 	 -46.181953 	
35 	 4641.543945 	 27.380421 	 -49.702557 	
36 	 3984.374756 	 30.122385 	 -53.223267 	
37 	 3421.875000 	 33.350574 	 -56.554531 	
38 	 2953.125000 	 37.062565 	 -59.607861 	
39 	 2527.573486 	 41.676815 	 -62.585583 	
40 	 2159.926514 	 47.216721 	 -65.304321 	
41 	 1847.956665 	 53.675301 	 -67.751610 	
42 	 1577.524048 	 61.392056 	 -69.972488 	
43 	 1359.375000 	 69.847496 	 -71.829956 	
44 	 1171.875000 	 79.688622 	 -73.469681 	
45 	 998.263855 	 91.980347 	 -75.035530 	
46 	 856.370239 	 105.583313 	 -76.282089 	
47 	 737.847229 	 121.076447 	 -77.413872 	
48 	 627.790161 	 140.296997 	 -78.427147 	
49 	 544.084778 	 160.438690 	 -79.255867 	
50 	 460.379456 	 187.151779 	 -80.038651 	
51 	 397.995270 	 214.350113 	 -80.652992 	
52 	 340.221771 	 248.150589 	 -81.226875 	
53 	 292.968750 	 285.399139 	 -81.705566 	
54 	 252.403839 	 327.929260 	 -81.932007 	
55 	 217.013885 	 377.954041 	 -82.312225 	
56 	 186.011902 	 436.836182 	 -82.644508 	
57 	 158.361496 	 508.235901 	 -82.944267 	
58 	 135.216339 	 589.580261 	 -83.193893 	
59 	 117.187500 	 674.387512 	 -83.387878 	
