IMPEDANCE MEASUREMENT 
1:12:35.730 PM 2026-10-07
Chamber temperature (K): 296.16
Chamber pressure (MPa): 125.13
Description: 	Default
Driving voltage (V): 0.01
Start freq (Hz): 1E+6
Stop freq (Hz): 1E+2
# freq steps: 60
Index #	Frequency (Hz)	Impedance (ohms)	Phase (degrees)
0 	 1000078.125000 	 19.036907 	 34.792774 	
1 	 857765.625000 	 18.158127 	 30.873571 	
2 	 735703.125000 	 17.474939 	 27.111353 	
3 	 630984.375000 	 16.942434 	 23.694443 	
4 	 541171.875000 	 16.535547 	 20.505674 	
5 	 464203.125000 	 16.212019 	 17.650951 	
6 	 398109.375000 	 15.966177 	 15.015527 	
7 	 341484.375000 	 15.784677 	 12.588587 	
8 	 292921.875000 	 15.652294 	 10.417186 	
9 	 251203.140625 	 15.560366 	 8.448098 	
10 	 215484.375000 	 15.503282 	 6.644006 	
11 	 184828.125000 	 15.456795 	 4.990273 	
12 	 158578.125000 	 15.437123 	 3.443911 	
13 	 135984.375000 	 15.425686 	 2.000857 	
14 	 116671.867187 	 15.443210 	 0.640764 	
15 	 100078.125000 	 15.468741 	 -0.708610 	
16 	 85828.125000 	 15.511328 	 -2.058010 	
17 	 73640.625000 	 15.561193 	 -3.397090 	
18 	 63140.625000 	 15.636464 	 -4.790933 	
19 	 54140.625000 	 15.724095 	 -6.239988 	
20 	 46453.125000 	 15.838507 	 -7.753433 	
21 	 39890.625000 	 15.975080 	 -9.359539 	
22 	 34171.875000 	 16.142605 	 -11.109365 	
23 	 29296.875000 	 16.345522 	 -12.993324 	
24 	 25171.875000 	 16.589191 	 -15.008666 	
25 	 21609.375000 	 16.882837 	 -17.209541 	
26 	 18515.625000 	 17.242945 	 -19.642235 	
27 	 15890.625000 	 17.679493 	 -22.258913 	
28 	 13640.625000 	 18.211737 	 -25.106207 	
29 	 11671.875000 	 18.883322 	 -28.231026 	
30 	 10078.125000 	 19.652296 	 -31.382345 	
31 	 8578.125000 	 20.705070 	 -35.039749 	
32 	 7359.375488 	 21.939453 	 -38.669971 	
33 	 6328.125000 	 23.439589 	 -42.331600 	
34 	 5376.838379 	 25.429972 	 -46.267536 	
35 	 4641.543945 	 27.601963 	 -49.799496 	
36 	 3984.374756 	 30.369133 	 -53.322750 	
37 	 3421.875000 	 33.625729 	 -56.671669 	
38 	 2953.125000 	 37.370876 	 -59.707611 	
39 	 2527.573486 	 42.065662 	 -62.630310 	
40 	 2159.926514 	 47.636158 	 -65.352348 	
41 	 1847.956665 	 54.132706 	 -67.823868 	
42 	 1577.524048 	 62.028305 	 -70.013504 	
43 	 1359.375000 	 70.532394 	 -71.871689 	
44 	 1171.875000 	 80.371849 	 -73.469666 	
45 	 998.263855 	 92.888260 	 -74.996033 	
46 	 856.370239 	 106.602631 	 -76.247940 	
47 	 737.847229 	 122.130112 	 -77.409264 	
48 	 627.790161 	 141.731186 	 -78.404503 	
49 	 544.084778 	 161.719757 	 -79.264954 	
50 	 460.379456 	 188.965179 	 -80.029442 	
51 	 397.995270 	 216.412689 	 -80.636223 	
52 	 340.221771 	 250.545929 	 -81.205505 	
53 	 292.968750 	 288.122833 	 -81.667274 	
54 	 252.403839 	 331.073944 	 -81.890770 	
55 	 217.013885 	 381.580078 	 -82.264069 	
56 	 186.011902 	 440.978333 	 -82.587166 	
57 	 158.361496 	 512.892090 	 -82.876274 	
58 	 135.216339 	 595.050171 	 -83.110344 	
59 	 117.187500 	 680.680359 	 -83.284767 	
