IMPEDANCE MEASUREMENT 
9:26:51.038 AM 2026-10-07
Chamber temperature (K): 296.07
Chamber pressure (MPa): 0.94
Description: 	Default
Driving voltage (V): 0.01
Start freq (Hz): 1E+6
Stop freq (Hz): 1E+2
# freq steps: 60
Index #	Frequency (Hz)	Impedance (ohms)	Phase (degrees)
0 	 1000078.125000 	 19.747854 	 33.707733 	
1 	 857765.625000 	 18.900055 	 29.802431 	
2 	 735703.125000 	 18.230925 	 26.134846 	
3 	 630984.375000 	 17.714457 	 22.741766 	
4 	 541171.875000 	 17.322323 	 19.632074 	
5 	 464203.125000 	 17.016783 	 16.830143 	
6 	 398109.375000 	 16.791323 	 14.252353 	
7 	 341484.375000 	 16.620176 	 11.963188 	
8 	 292921.875000 	 16.500019 	 9.899320 	
9 	 251203.140625 	 16.409275 	 8.001782 	
10 	 215484.375000 	 16.348434 	 6.269803 	
11 	 184828.125000 	 16.314121 	 4.685149 	
12 	 158578.125000 	 16.292006 	 3.186074 	
13 	 135984.375000 	 16.288010 	 1.777768 	
14 	 116671.867187 	 16.304186 	 0.471504 	
15 	 100078.125000 	 16.331528 	 -0.827744 	
16 	 85828.125000 	 16.372606 	 -2.138768 	
17 	 73640.625000 	 16.423382 	 -3.449436 	
18 	 63140.625000 	 16.502907 	 -4.812521 	
19 	 54140.625000 	 16.598209 	 -6.218859 	
20 	 46453.125000 	 16.711449 	 -7.719403 	
21 	 39890.625000 	 16.854082 	 -9.300132 	
22 	 34171.875000 	 17.029350 	 -11.017982 	
23 	 29296.875000 	 17.240088 	 -12.873009 	
24 	 25171.875000 	 17.490635 	 -14.862596 	
25 	 21609.375000 	 17.798660 	 -17.030336 	
26 	 18515.625000 	 18.175346 	 -19.437775 	
27 	 15890.625000 	 18.625128 	 -22.008646 	
28 	 13640.625000 	 19.170427 	 -24.813536 	
29 	 11671.875000 	 19.867071 	 -27.907440 	
30 	 10078.125000 	 20.662664 	 -31.022234 	
31 	 8578.125000 	 21.743092 	 -34.644314 	
32 	 7359.375488 	 23.019537 	 -38.267506 	
33 	 6328.125000 	 24.562927 	 -41.902119 	
34 	 5376.838379 	 26.606447 	 -45.888802 	
35 	 4641.543945 	 28.875692 	 -49.405968 	
36 	 3984.374756 	 31.744518 	 -52.888813 	
37 	 3421.875000 	 35.122627 	 -56.283516 	
38 	 2953.125000 	 38.996601 	 -59.387310 	
39 	 2527.573486 	 43.851460 	 -62.357376 	
40 	 2159.926514 	 49.667217 	 -65.111641 	
41 	 1847.956665 	 56.468369 	 -67.568604 	
42 	 1577.524048 	 64.585075 	 -69.735321 	
43 	 1359.375000 	 73.464355 	 -71.648605 	
44 	 1171.875000 	 83.745918 	 -73.272820 	
45 	 998.263855 	 96.680061 	 -74.869423 	
46 	 856.370239 	 111.092049 	 -76.104103 	
47 	 737.847229 	 127.208725 	 -77.207191 	
48 	 627.790161 	 147.619919 	 -78.250275 	
49 	 544.084778 	 168.393433 	 -79.073677 	
50 	 460.379456 	 196.642868 	 -79.858307 	
51 	 397.995270 	 225.136734 	 -80.459763 	
52 	 340.221771 	 260.569336 	 -81.018623 	
53 	 292.968750 	 299.624359 	 -81.481064 	
54 	 252.403839 	 343.877655 	 -81.675812 	
55 	 217.013885 	 396.303986 	 -82.041901 	
56 	 186.011902 	 457.954956 	 -82.364037 	
57 	 158.361496 	 532.493225 	 -82.638702 	
58 	 135.216339 	 617.474670 	 -82.873795 	
59 	 117.187500 	 706.144470 	 -83.040657 	
