IMPEDANCE MEASUREMENT 
4:41:03.429 PM 2026-10-07
Chamber temperature (K): 296.26
Chamber pressure (MPa): 124.29
Description: 	Default
Driving voltage (V): 0.01
Start freq (Hz): 1E+6
Stop freq (Hz): 1E+2
# freq steps: 60
Index #	Frequency (Hz)	Impedance (ohms)	Phase (degrees)
0 	 1000078.125000 	 19.027477 	 34.875202 	
1 	 857765.625000 	 18.144629 	 30.995237 	
2 	 735703.125000 	 17.463383 	 27.251953 	
3 	 630984.375000 	 16.923407 	 23.784637 	
4 	 541171.875000 	 16.502878 	 20.602221 	
5 	 464203.125000 	 16.189001 	 17.708275 	
6 	 398109.375000 	 15.938210 	 15.034989 	
7 	 341484.375000 	 15.764037 	 12.594645 	
8 	 292921.875000 	 15.628421 	 10.440610 	
9 	 251203.140625 	 15.534693 	 8.469934 	
10 	 215484.375000 	 15.464222 	 6.660350 	
11 	 184828.125000 	 15.428813 	 5.016327 	
12 	 158578.125000 	 15.405384 	 3.476131 	
13 	 135984.375000 	 15.407031 	 2.049218 	
14 	 116671.867187 	 15.420115 	 0.627953 	
15 	 100078.125000 	 15.440810 	 -0.701209 	
16 	 85828.125000 	 15.477540 	 -2.045805 	
17 	 73640.625000 	 15.535315 	 -3.396339 	
18 	 63140.625000 	 15.606050 	 -4.795107 	
19 	 54140.625000 	 15.699020 	 -6.238024 	
20 	 46453.125000 	 15.810365 	 -7.742140 	
21 	 39890.625000 	 15.944107 	 -9.366146 	
22 	 34171.875000 	 16.114616 	 -11.106071 	
23 	 29296.875000 	 16.320820 	 -13.000296 	
24 	 25171.875000 	 16.563145 	 -15.001686 	
25 	 21609.375000 	 16.857468 	 -17.210255 	
26 	 18515.625000 	 17.214474 	 -19.627340 	
27 	 15890.625000 	 17.652573 	 -22.253649 	
28 	 13640.625000 	 18.182383 	 -25.087688 	
29 	 11671.875000 	 18.852543 	 -28.209904 	
30 	 10078.125000 	 19.622925 	 -31.339619 	
31 	 8578.125000 	 20.671915 	 -34.984146 	
32 	 7359.375488 	 21.901590 	 -38.601479 	
33 	 6328.125000 	 23.395254 	 -42.248562 	
34 	 5376.838379 	 25.370598 	 -46.208542 	
35 	 4641.543945 	 27.538853 	 -49.734447 	
36 	 3984.374756 	 30.276222 	 -53.274445 	
37 	 3421.875000 	 33.548634 	 -56.602394 	
38 	 2953.125000 	 37.281353 	 -59.655621 	
39 	 2527.573486 	 41.944515 	 -62.612289 	
40 	 2159.926514 	 47.516888 	 -65.307693 	
41 	 1847.956665 	 54.005714 	 -67.791679 	
42 	 1577.524048 	 61.766998 	 -69.960320 	
43 	 1359.375000 	 70.315285 	 -71.817139 	
44 	 1171.875000 	 80.176193 	 -73.486336 	
45 	 998.263855 	 92.547821 	 -74.999695 	
46 	 856.370239 	 106.305092 	 -76.309502 	
47 	 737.847229 	 121.771835 	 -77.430626 	
48 	 627.790161 	 141.357956 	 -78.565498 	
49 	 544.084778 	 161.275574 	 -79.214462 	
50 	 460.379456 	 188.346390 	 -80.058044 	
51 	 397.995270 	 215.705841 	 -80.674271 	
52 	 340.221771 	 249.751358 	 -81.244400 	
53 	 292.968750 	 287.261261 	 -81.719543 	
54 	 252.403839 	 330.102417 	 -81.952385 	
55 	 217.013885 	 380.457397 	 -82.329857 	
56 	 186.011902 	 439.735565 	 -82.662895 	
57 	 158.361496 	 511.624695 	 -82.960632 	
58 	 135.216339 	 593.564270 	 -83.196587 	
59 	 117.187500 	 679.070435 	 -83.391830 	
