IMPEDANCE MEASUREMENT 
5:28:11.908 PM 2026-10-06
Chamber temperature (K): 296.49
Chamber pressure (MPa): 175.83
Description: 	Default
Driving voltage (V): 0.01
Start freq (Hz): 1E+6
Stop freq (Hz): 1E+2
# freq steps: 60
Index #	Frequency (Hz)	Impedance (ohms)	Phase (degrees)
0 	 1000078.125000 	 18.434298 	 36.505783 	
1 	 857765.625000 	 17.526304 	 32.488747 	
2 	 735703.125000 	 16.809057 	 28.663214 	
3 	 630984.375000 	 16.257524 	 25.084541 	
4 	 541171.875000 	 15.826809 	 21.803869 	
5 	 464203.125000 	 15.498971 	 18.769672 	
6 	 398109.375000 	 15.250628 	 16.051296 	
7 	 341484.375000 	 15.059546 	 13.591784 	
8 	 292921.875000 	 14.918249 	 11.358390 	
9 	 251203.140625 	 14.819473 	 9.325343 	
10 	 215484.375000 	 14.745629 	 7.499042 	
11 	 184828.125000 	 14.699268 	 5.859943 	
12 	 158578.125000 	 14.676812 	 4.294773 	
13 	 135984.375000 	 14.670216 	 2.874043 	
14 	 116671.867187 	 14.666895 	 1.520028 	
15 	 100078.125000 	 14.681776 	 0.240347 	
16 	 85828.125000 	 14.712302 	 -1.030542 	
17 	 73640.625000 	 14.749617 	 -2.307067 	
18 	 63140.625000 	 14.804496 	 -3.584936 	
19 	 54140.625000 	 14.875565 	 -4.906409 	
20 	 46453.125000 	 14.959078 	 -6.299860 	
21 	 39890.625000 	 15.061186 	 -7.726081 	
22 	 34171.875000 	 15.191530 	 -9.314631 	
23 	 29296.875000 	 15.348671 	 -10.990561 	
24 	 25171.875000 	 15.530043 	 -12.769787 	
25 	 21609.375000 	 15.753849 	 -14.748825 	
26 	 18515.625000 	 16.026903 	 -16.910370 	
27 	 15890.625000 	 16.353453 	 -19.249344 	
28 	 13640.625000 	 16.752548 	 -21.796913 	
29 	 11671.875000 	 17.245958 	 -24.649246 	
30 	 10078.125000 	 17.819401 	 -27.542202 	
31 	 8578.125000 	 18.589739 	 -30.947014 	
32 	 7359.375488 	 19.504194 	 -34.415886 	
33 	 6328.125000 	 20.608297 	 -37.951626 	
34 	 5376.838379 	 22.090401 	 -41.889263 	
35 	 4641.543945 	 23.734255 	 -45.478710 	
36 	 3984.374756 	 25.795160 	 -49.185066 	
37 	 3421.875000 	 28.277504 	 -52.776352 	
38 	 2953.125000 	 31.133989 	 -56.098183 	
39 	 2527.573486 	 34.783974 	 -59.398094 	
40 	 2159.926514 	 39.188183 	 -62.499989 	
41 	 1847.956665 	 44.320415 	 -65.292023 	
42 	 1577.524048 	 50.467575 	 -67.866287 	
43 	 1359.375000 	 57.332062 	 -70.025848 	
44 	 1171.875000 	 65.178535 	 -71.997681 	
45 	 998.263855 	 75.156532 	 -73.860321 	
46 	 856.370239 	 86.329803 	 -75.370064 	
47 	 737.847229 	 98.868034 	 -76.749619 	
48 	 627.790161 	 114.871780 	 -78.051933 	
49 	 544.084778 	 130.950638 	 -78.984268 	
50 	 460.379456 	 153.139725 	 -79.993195 	
51 	 397.995270 	 175.555954 	 -80.752823 	
52 	 340.221771 	 203.481903 	 -81.472633 	
53 	 292.968750 	 234.343216 	 -82.061211 	
54 	 252.403839 	 269.866791 	 -82.584145 	
55 	 217.013885 	 309.642517 	 -82.959267 	
56 	 186.011902 	 359.363220 	 -83.372101 	
57 	 158.361496 	 419.375000 	 -83.746178 	
58 	 135.216339 	 487.831573 	 -84.057693 	
59 	 117.187500 	 559.207703 	 -84.316513 	
