IMPEDANCE MEASUREMENT 
5:21:15.493 PM 2026-10-06
Chamber temperature (K): 296.48
Chamber pressure (MPa): 200.39
Description: 	Default
Driving voltage (V): 0.01
Start freq (Hz): 1E+6
Stop freq (Hz): 1E+2
# freq steps: 60
Index #	Frequency (Hz)	Impedance (ohms)	Phase (degrees)
0 	 1000078.125000 	 18.302654 	 36.840740 	
1 	 857765.625000 	 17.383224 	 32.806934 	
2 	 735703.125000 	 16.662987 	 28.943007 	
3 	 630984.375000 	 16.106356 	 25.368975 	
4 	 541171.875000 	 15.670588 	 22.019079 	
5 	 464203.125000 	 15.337091 	 19.005981 	
6 	 398109.375000 	 15.084674 	 16.232336 	
7 	 341484.375000 	 14.897718 	 13.740154 	
8 	 292921.875000 	 14.756442 	 11.484122 	
9 	 251203.140625 	 14.658186 	 9.444895 	
10 	 215484.375000 	 14.581402 	 7.597923 	
11 	 184828.125000 	 14.536242 	 5.924068 	
12 	 158578.125000 	 14.506812 	 4.371800 	
13 	 135984.375000 	 14.492321 	 2.928725 	
14 	 116671.867187 	 14.498711 	 1.555817 	
15 	 100078.125000 	 14.519521 	 0.253409 	
16 	 85828.125000 	 14.543702 	 -1.036149 	
17 	 73640.625000 	 14.585191 	 -2.304485 	
18 	 63140.625000 	 14.639781 	 -3.617195 	
19 	 54140.625000 	 14.708866 	 -4.960032 	
20 	 46453.125000 	 14.795710 	 -6.345505 	
21 	 39890.625000 	 14.902779 	 -7.792436 	
22 	 34171.875000 	 15.031526 	 -9.383068 	
23 	 29296.875000 	 15.186128 	 -11.066731 	
24 	 25171.875000 	 15.373066 	 -12.879607 	
25 	 21609.375000 	 15.590841 	 -14.859575 	
26 	 18515.625000 	 15.870522 	 -17.040356 	
27 	 15890.625000 	 16.195713 	 -19.408932 	
28 	 13640.625000 	 16.591373 	 -21.966427 	
29 	 11671.875000 	 17.090679 	 -24.833344 	
30 	 10078.125000 	 17.664261 	 -27.745543 	
31 	 8578.125000 	 18.438820 	 -31.172588 	
32 	 7359.375488 	 19.361292 	 -34.640614 	
33 	 6328.125000 	 20.468124 	 -38.192577 	
34 	 5376.838379 	 21.955278 	 -42.135410 	
35 	 4641.543945 	 23.602343 	 -45.749668 	
36 	 3984.374756 	 25.672487 	 -49.415661 	
37 	 3421.875000 	 28.153627 	 -52.978222 	
38 	 2953.125000 	 31.041130 	 -56.332241 	
39 	 2527.573486 	 34.675972 	 -59.624500 	
40 	 2159.926514 	 39.057186 	 -62.716446 	
41 	 1847.956665 	 44.203121 	 -65.449982 	
42 	 1577.524048 	 50.360588 	 -68.025307 	
43 	 1359.375000 	 57.165527 	 -70.193443 	
44 	 1171.875000 	 65.073219 	 -72.151527 	
45 	 998.263855 	 75.002266 	 -73.974236 	
46 	 856.370239 	 86.157059 	 -75.512939 	
47 	 737.847229 	 98.652115 	 -76.859528 	
48 	 627.790161 	 114.468315 	 -78.094643 	
49 	 544.084778 	 130.862732 	 -79.084801 	
50 	 460.379456 	 152.923218 	 -80.043289 	
51 	 397.995270 	 175.319046 	 -80.797142 	
52 	 340.221771 	 203.228104 	 -81.507675 	
53 	 292.968750 	 234.052780 	 -82.094810 	
54 	 252.403839 	 269.497162 	 -82.603897 	
55 	 217.013885 	 309.204193 	 -82.982224 	
56 	 186.011902 	 358.908325 	 -83.390251 	
57 	 158.361496 	 418.917725 	 -83.757538 	
58 	 135.216339 	 487.237427 	 -84.069527 	
59 	 117.187500 	 558.455811 	 -84.298492 	
