IMPEDANCE MEASUREMENT 
5:57:22.821 PM 2026-10-06
Chamber temperature (K): 296.44
Chamber pressure (MPa): 3.08
Description: 	Default
Driving voltage (V): 0.01
Start freq (Hz): 1E+6
Stop freq (Hz): 1E+2
# freq steps: 60
Index #	Frequency (Hz)	Impedance (ohms)	Phase (degrees)
0 	 1000078.125000 	 19.494020 	 34.225845 	
1 	 857765.625000 	 18.643988 	 30.336843 	
2 	 735703.125000 	 17.965675 	 26.660376 	
3 	 630984.375000 	 17.443287 	 23.252993 	
4 	 541171.875000 	 17.037106 	 20.138729 	
5 	 464203.125000 	 16.737288 	 17.315977 	
6 	 398109.375000 	 16.494232 	 14.765686 	
7 	 341484.375000 	 16.326817 	 12.489382 	
8 	 292921.875000 	 16.192114 	 10.424968 	
9 	 251203.140625 	 16.093550 	 8.557469 	
10 	 215484.375000 	 16.028645 	 6.869222 	
11 	 184828.125000 	 15.983349 	 5.333169 	
12 	 158578.125000 	 15.956192 	 3.904569 	
13 	 135984.375000 	 15.950677 	 2.582572 	
14 	 116671.867187 	 15.948945 	 1.338314 	
15 	 100078.125000 	 15.971453 	 0.131616 	
16 	 85828.125000 	 15.996726 	 -1.059655 	
17 	 73640.625000 	 16.035030 	 -2.231510 	
18 	 63140.625000 	 16.087830 	 -3.429318 	
19 	 54140.625000 	 16.157936 	 -4.666368 	
20 	 46453.125000 	 16.243706 	 -5.960060 	
21 	 39890.625000 	 16.346237 	 -7.328093 	
22 	 34171.875000 	 16.473648 	 -8.794830 	
23 	 29296.875000 	 16.629354 	 -10.391493 	
24 	 25171.875000 	 16.812166 	 -12.090383 	
25 	 21609.375000 	 17.033493 	 -13.945894 	
26 	 18515.625000 	 17.301052 	 -16.011612 	
27 	 15890.625000 	 17.624475 	 -18.244589 	
28 	 13640.625000 	 18.023846 	 -20.675068 	
29 	 11671.875000 	 18.516813 	 -23.400915 	
30 	 10078.125000 	 19.074400 	 -26.178976 	
31 	 8578.125000 	 19.841454 	 -29.468317 	
32 	 7359.375488 	 20.746389 	 -32.833569 	
33 	 6328.125000 	 21.840282 	 -36.285782 	
34 	 5376.838379 	 23.302340 	 -40.191429 	
35 	 4641.543945 	 24.932531 	 -43.775326 	
36 	 3984.374756 	 26.973925 	 -47.462757 	
37 	 3421.875000 	 29.434414 	 -51.101322 	
38 	 2953.125000 	 32.354805 	 -54.492119 	
39 	 2527.573486 	 35.976608 	 -57.903587 	
40 	 2159.926514 	 40.387226 	 -61.076752 	
41 	 1847.956665 	 45.556786 	 -64.029259 	
42 	 1577.524048 	 51.794434 	 -66.695328 	
43 	 1359.375000 	 58.657383 	 -68.972519 	
44 	 1171.875000 	 66.668884 	 -71.039261 	
45 	 998.263855 	 76.697868 	 -72.982185 	
46 	 856.370239 	 88.042381 	 -74.654144 	
47 	 737.847229 	 100.719666 	 -76.039291 	
48 	 627.790161 	 116.802925 	 -77.353142 	
49 	 544.084778 	 133.315262 	 -78.467430 	
50 	 460.379456 	 155.713852 	 -79.501686 	
51 	 397.995270 	 178.438766 	 -80.311829 	
52 	 340.221771 	 206.730957 	 -81.078400 	
53 	 292.968750 	 238.019226 	 -81.708443 	
54 	 252.403839 	 274.006500 	 -82.263161 	
55 	 217.013885 	 314.678345 	 -82.676147 	
56 	 186.011902 	 364.972107 	 -83.105385 	
57 	 158.361496 	 425.626312 	 -83.505409 	
58 	 135.216339 	 494.843628 	 -83.839638 	
59 	 117.187500 	 567.103943 	 -84.103416 	
