IMPEDANCE MEASUREMENT 
11:55:57.023 AM 2026-10-06
Chamber temperature (K): 296.13
Chamber pressure (MPa): 1.56
Description: 	Default
Driving voltage (V): 0.01
Start freq (Hz): 1E+6
Stop freq (Hz): 1E+2
# freq steps: 60
Index #	Frequency (Hz)	Impedance (ohms)	Phase (degrees)
0 	 1000078.125000 	 19.573185 	 37.289024 	
1 	 857765.625000 	 18.532549 	 33.222393 	
2 	 735703.125000 	 17.728924 	 29.317699 	
3 	 630984.375000 	 17.106384 	 25.674026 	
4 	 541171.875000 	 16.628721 	 22.244247 	
5 	 464203.125000 	 16.263880 	 19.151699 	
6 	 398109.375000 	 15.984742 	 16.319153 	
7 	 341484.375000 	 15.777761 	 13.742963 	
8 	 292921.875000 	 15.627313 	 11.435128 	
9 	 251203.140625 	 15.523201 	 9.298601 	
10 	 215484.375000 	 15.444685 	 7.412552 	
11 	 184828.125000 	 15.405848 	 5.629699 	
12 	 158578.125000 	 15.374557 	 4.007856 	
13 	 135984.375000 	 15.370936 	 2.466038 	
14 	 116671.867187 	 15.385698 	 1.029450 	
15 	 100078.125000 	 15.410776 	 -0.368562 	
16 	 85828.125000 	 15.453290 	 -1.754574 	
17 	 73640.625000 	 15.515415 	 -3.142226 	
18 	 63140.625000 	 15.592144 	 -4.559931 	
19 	 54140.625000 	 15.688092 	 -6.030527 	
20 	 46453.125000 	 15.813666 	 -7.541695 	
21 	 39890.625000 	 15.961218 	 -9.127838 	
22 	 34171.875000 	 16.140142 	 -10.848071 	
23 	 29296.875000 	 16.356810 	 -12.661646 	
24 	 25171.875000 	 16.612659 	 -14.595243 	
25 	 21609.375000 	 16.923319 	 -16.695202 	
26 	 18515.625000 	 17.297117 	 -18.974333 	
27 	 15890.625000 	 17.743057 	 -21.416639 	
28 	 13640.625000 	 18.279219 	 -24.002197 	
29 	 11671.875000 	 18.932388 	 -26.872669 	
30 	 10078.125000 	 19.678366 	 -29.739017 	
31 	 8578.125000 	 20.672899 	 -33.048180 	
32 	 7359.375488 	 21.817858 	 -36.355610 	
33 	 6328.125000 	 23.191811 	 -39.706924 	
34 	 5376.838379 	 24.980146 	 -43.364254 	
35 	 4641.543945 	 26.938465 	 -46.694237 	
36 	 3984.374756 	 29.364483 	 -50.058102 	
37 	 3421.875000 	 32.257416 	 -53.309845 	
38 	 2953.125000 	 35.560898 	 -56.307491 	
39 	 2527.573486 	 39.681950 	 -59.265762 	
40 	 2159.926514 	 44.601437 	 -62.059422 	
41 	 1847.956665 	 50.375015 	 -64.590385 	
42 	 1577.524048 	 57.225700 	 -66.933022 	
43 	 1359.375000 	 64.732140 	 -68.904221 	
44 	 1171.875000 	 73.378029 	 -70.672562 	
45 	 998.263855 	 84.303116 	 -72.343086 	
46 	 856.370239 	 96.410149 	 -73.770500 	
47 	 737.847229 	 110.033073 	 -75.053284 	
48 	 627.790161 	 127.130295 	 -76.215256 	
49 	 544.084778 	 144.712082 	 -77.172699 	
50 	 460.379456 	 168.251358 	 -78.069511 	
51 	 397.995270 	 192.138138 	 -78.803436 	
52 	 340.221771 	 221.817917 	 -79.501839 	
53 	 292.968750 	 254.498245 	 -80.087227 	
54 	 252.403839 	 291.970642 	 -80.607483 	
55 	 217.013885 	 335.704285 	 -81.058144 	
56 	 186.011902 	 387.223785 	 -81.476082 	
57 	 158.361496 	 449.548828 	 -81.847862 	
58 	 135.216339 	 520.666260 	 -82.168564 	
59 	 117.187500 	 594.877991 	 -82.428276 	
