IMPEDANCE MEASUREMENT 
5:29:05.295 PM 2026-10-06
Chamber temperature (K): 296.49
Chamber pressure (MPa): 176.14
Description: 	Default
Driving voltage (V): 0.01
Start freq (Hz): 1E+6
Stop freq (Hz): 1E+2
# freq steps: 60
Index #	Frequency (Hz)	Impedance (ohms)	Phase (degrees)
0 	 1000078.125000 	 18.431850 	 36.575726 	
1 	 857765.625000 	 17.515039 	 32.493114 	
2 	 735703.125000 	 16.798254 	 28.687685 	
3 	 630984.375000 	 16.248075 	 25.090355 	
4 	 541171.875000 	 15.818288 	 21.784851 	
5 	 464203.125000 	 15.487407 	 18.793795 	
6 	 398109.375000 	 15.239259 	 16.055159 	
7 	 341484.375000 	 15.049222 	 13.590054 	
8 	 292921.875000 	 14.913575 	 11.368962 	
9 	 251203.140625 	 14.812803 	 9.350303 	
10 	 215484.375000 	 14.738906 	 7.516547 	
11 	 184828.125000 	 14.697128 	 5.842372 	
12 	 158578.125000 	 14.667307 	 4.304784 	
13 	 135984.375000 	 14.651455 	 2.877059 	
14 	 116671.867187 	 14.651682 	 1.542467 	
15 	 100078.125000 	 14.673037 	 0.234534 	
16 	 85828.125000 	 14.701188 	 -1.039523 	
17 	 73640.625000 	 14.741143 	 -2.298494 	
18 	 63140.625000 	 14.792764 	 -3.587224 	
19 	 54140.625000 	 14.864032 	 -4.924704 	
20 	 46453.125000 	 14.945746 	 -6.297173 	
21 	 39890.625000 	 15.054436 	 -7.746939 	
22 	 34171.875000 	 15.183413 	 -9.310345 	
23 	 29296.875000 	 15.336448 	 -10.986034 	
24 	 25171.875000 	 15.521193 	 -12.771950 	
25 	 21609.375000 	 15.745364 	 -14.745191 	
26 	 18515.625000 	 16.016979 	 -16.906404 	
27 	 15890.625000 	 16.346540 	 -19.258905 	
28 	 13640.625000 	 16.741858 	 -21.815533 	
29 	 11671.875000 	 17.237986 	 -24.655798 	
30 	 10078.125000 	 17.808769 	 -27.543325 	
31 	 8578.125000 	 18.579493 	 -30.970821 	
32 	 7359.375488 	 19.494602 	 -34.404400 	
33 	 6328.125000 	 20.602547 	 -37.971424 	
34 	 5376.838379 	 22.085644 	 -41.903553 	
35 	 4641.543945 	 23.717190 	 -45.498638 	
36 	 3984.374756 	 25.779829 	 -49.212433 	
37 	 3421.875000 	 28.275282 	 -52.778904 	
38 	 2953.125000 	 31.154411 	 -56.115479 	
39 	 2527.573486 	 34.765816 	 -59.418808 	
40 	 2159.926514 	 39.157703 	 -62.516773 	
41 	 1847.956665 	 44.330414 	 -65.345703 	
42 	 1577.524048 	 50.476078 	 -67.867355 	
43 	 1359.375000 	 57.313828 	 -70.081970 	
44 	 1171.875000 	 65.183075 	 -71.982040 	
45 	 998.263855 	 75.247414 	 -73.852463 	
46 	 856.370239 	 86.402405 	 -75.461349 	
47 	 737.847229 	 98.941628 	 -76.737419 	
48 	 627.790161 	 114.781219 	 -78.031464 	
49 	 544.084778 	 130.890869 	 -78.982635 	
50 	 460.379456 	 153.114334 	 -79.995331 	
51 	 397.995270 	 175.517044 	 -80.757240 	
52 	 340.221771 	 203.458694 	 -81.473221 	
53 	 292.968750 	 234.304916 	 -82.072525 	
54 	 252.403839 	 269.796936 	 -82.585426 	
55 	 217.013885 	 309.569366 	 -82.969269 	
56 	 186.011902 	 359.324249 	 -83.376846 	
57 	 158.361496 	 419.326752 	 -83.751068 	
58 	 135.216339 	 487.796692 	 -84.061943 	
59 	 117.187500 	 559.134827 	 -84.315315 	
