IMPEDANCE MEASUREMENT 
4:38:58.858 PM 2026-10-06
Chamber temperature (K): 296.44
Chamber pressure (MPa): 74.22
Description: 	Default
Driving voltage (V): 0.01
Start freq (Hz): 1E+6
Stop freq (Hz): 1E+2
# freq steps: 60
Index #	Frequency (Hz)	Impedance (ohms)	Phase (degrees)
0 	 1000078.125000 	 18.610315 	 36.175560 	
1 	 857765.625000 	 17.691748 	 32.128368 	
2 	 735703.125000 	 16.984026 	 28.329386 	
3 	 630984.375000 	 16.434063 	 24.782938 	
4 	 541171.875000 	 16.013384 	 21.524590 	
5 	 464203.125000 	 15.682891 	 18.539474 	
6 	 398109.375000 	 15.438044 	 15.807194 	
7 	 341484.375000 	 15.255558 	 13.368174 	
8 	 292921.875000 	 15.125319 	 11.174750 	
9 	 251203.140625 	 15.022976 	 9.163145 	
10 	 215484.375000 	 14.951772 	 7.372461 	
11 	 184828.125000 	 14.907944 	 5.733542 	
12 	 158578.125000 	 14.882574 	 4.211416 	
13 	 135984.375000 	 14.869426 	 2.777546 	
14 	 116671.867187 	 14.874042 	 1.448929 	
15 	 100078.125000 	 14.889263 	 0.179728 	
16 	 85828.125000 	 14.918508 	 -1.099923 	
17 	 73640.625000 	 14.958561 	 -2.351851 	
18 	 63140.625000 	 15.012254 	 -3.631850 	
19 	 54140.625000 	 15.083070 	 -4.954510 	
20 	 46453.125000 	 15.170763 	 -6.321474 	
21 	 39890.625000 	 15.277352 	 -7.760045 	
22 	 34171.875000 	 15.409796 	 -9.331896 	
23 	 29296.875000 	 15.566352 	 -11.021034 	
24 	 25171.875000 	 15.750685 	 -12.808672 	
25 	 21609.375000 	 15.977811 	 -14.777086 	
26 	 18515.625000 	 16.257666 	 -16.929529 	
27 	 15890.625000 	 16.589560 	 -19.296339 	
28 	 13640.625000 	 16.996189 	 -21.850857 	
29 	 11671.875000 	 17.498798 	 -24.707827 	
30 	 10078.125000 	 18.080320 	 -27.593092 	
31 	 8578.125000 	 18.870050 	 -31.016171 	
32 	 7359.375488 	 19.800314 	 -34.462917 	
33 	 6328.125000 	 20.934305 	 -38.015217 	
34 	 5376.838379 	 22.441954 	 -41.946365 	
35 	 4641.543945 	 24.108873 	 -45.520336 	
36 	 3984.374756 	 26.204966 	 -49.227459 	
37 	 3421.875000 	 28.744806 	 -52.790485 	
38 	 2953.125000 	 31.635166 	 -56.110695 	
39 	 2527.573486 	 35.355423 	 -59.385429 	
40 	 2159.926514 	 39.796875 	 -62.480415 	
41 	 1847.956665 	 45.061584 	 -65.287788 	
42 	 1577.524048 	 51.304470 	 -67.831802 	
43 	 1359.375000 	 58.233707 	 -69.968277 	
44 	 1171.875000 	 66.258331 	 -71.900803 	
45 	 998.263855 	 76.415733 	 -73.807495 	
46 	 856.370239 	 87.643532 	 -75.329247 	
47 	 737.847229 	 100.382706 	 -76.631538 	
48 	 627.790161 	 116.453499 	 -77.909683 	
49 	 544.084778 	 133.075409 	 -78.847282 	
50 	 460.379456 	 155.387360 	 -79.862015 	
51 	 397.995270 	 178.089859 	 -80.621094 	
52 	 340.221771 	 206.360336 	 -81.333405 	
53 	 292.968750 	 237.608444 	 -81.921753 	
54 	 252.403839 	 273.531219 	 -82.440834 	
55 	 217.013885 	 313.781219 	 -82.813393 	
56 	 186.011902 	 364.075592 	 -83.226318 	
57 	 158.361496 	 424.798920 	 -83.585648 	
58 	 135.216339 	 493.883453 	 -83.896683 	
59 	 117.187500 	 566.056824 	 -84.145615 	
