IMPEDANCE MEASUREMENT 
4:13:27.944 PM 2026-10-06
Chamber temperature (K): 296.38
Chamber pressure (MPa): 3.21
Description: 	Default
Driving voltage (V): 0.01
Start freq (Hz): 1E+6
Stop freq (Hz): 1E+2
# freq steps: 60
Index #	Frequency (Hz)	Impedance (ohms)	Phase (degrees)
0 	 1000078.125000 	 19.251459 	 34.748840 	
1 	 857765.625000 	 18.387377 	 30.788126 	
2 	 735703.125000 	 17.695892 	 27.107952 	
3 	 630984.375000 	 17.172258 	 23.675459 	
4 	 541171.875000 	 16.760298 	 20.508671 	
5 	 464203.125000 	 16.445492 	 17.653015 	
6 	 398109.375000 	 16.219723 	 15.056975 	
7 	 341484.375000 	 16.030184 	 12.717838 	
8 	 292921.875000 	 15.904997 	 10.620381 	
9 	 251203.140625 	 15.803277 	 8.732675 	
10 	 215484.375000 	 15.739491 	 7.027204 	
11 	 184828.125000 	 15.698859 	 5.455848 	
12 	 158578.125000 	 15.668756 	 4.010023 	
13 	 135984.375000 	 15.663198 	 2.651151 	
14 	 116671.867187 	 15.662120 	 1.408949 	
15 	 100078.125000 	 15.681338 	 0.193273 	
16 	 85828.125000 	 15.708340 	 -1.011111 	
17 	 73640.625000 	 15.749427 	 -2.203011 	
18 	 63140.625000 	 15.803640 	 -3.411984 	
19 	 54140.625000 	 15.870153 	 -4.656913 	
20 	 46453.125000 	 15.953127 	 -5.953570 	
21 	 39890.625000 	 16.055309 	 -7.330713 	
22 	 34171.875000 	 16.183432 	 -8.809109 	
23 	 29296.875000 	 16.336342 	 -10.406463 	
24 	 25171.875000 	 16.518326 	 -12.117305 	
25 	 21609.375000 	 16.742708 	 -13.980265 	
26 	 18515.625000 	 17.006374 	 -16.039686 	
27 	 15890.625000 	 17.330421 	 -18.291115 	
28 	 13640.625000 	 17.716673 	 -20.739132 	
29 	 11671.875000 	 18.199366 	 -23.468981 	
30 	 10078.125000 	 18.761383 	 -26.248087 	
31 	 8578.125000 	 19.512558 	 -29.554625 	
32 	 7359.375488 	 20.409002 	 -32.915520 	
33 	 6328.125000 	 21.490570 	 -36.399315 	
34 	 5376.838379 	 22.939425 	 -40.288177 	
35 	 4641.543945 	 24.536613 	 -43.862221 	
36 	 3984.374756 	 26.566053 	 -47.587757 	
37 	 3421.875000 	 29.016598 	 -51.216908 	
38 	 2953.125000 	 31.862917 	 -54.598598 	
39 	 2527.573486 	 35.451366 	 -57.993458 	
40 	 2159.926514 	 39.794250 	 -61.206257 	
41 	 1847.956665 	 44.905758 	 -64.117523 	
42 	 1577.524048 	 51.058826 	 -66.769295 	
43 	 1359.375000 	 57.862148 	 -69.067749 	
44 	 1171.875000 	 65.738525 	 -71.115891 	
45 	 998.263855 	 75.672318 	 -73.068665 	
46 	 856.370239 	 86.856041 	 -74.678711 	
47 	 737.847229 	 99.347748 	 -76.121246 	
48 	 627.790161 	 115.410095 	 -77.499481 	
49 	 544.084778 	 131.499939 	 -78.518448 	
50 	 460.379456 	 153.702545 	 -79.547119 	
51 	 397.995270 	 176.126923 	 -80.355858 	
52 	 340.221771 	 204.097580 	 -81.113235 	
53 	 292.968750 	 234.977753 	 -81.743042 	
54 	 252.403839 	 270.489532 	 -82.290260 	
55 	 217.013885 	 310.284271 	 -82.700356 	
56 	 186.011902 	 360.010040 	 -83.135109 	
57 	 158.361496 	 420.107849 	 -83.532982 	
58 	 135.216339 	 488.502869 	 -83.861992 	
59 	 117.187500 	 559.827026 	 -84.130653 	
