IMPEDANCE MEASUREMENT 
3:03:39.039 PM 2026-10-06
Chamber temperature (K): 296.39
Chamber pressure (MPa): 149.78
Description: 	Default
Driving voltage (V): 0.01
Start freq (Hz): 1E+6
Stop freq (Hz): 1E+2
# freq steps: 60
Index #	Frequency (Hz)	Impedance (ohms)	Phase (degrees)
0 	 1000078.125000 	 18.404268 	 36.623512 	
1 	 857765.625000 	 17.488829 	 32.575184 	
2 	 735703.125000 	 16.772312 	 28.758915 	
3 	 630984.375000 	 16.213791 	 25.172770 	
4 	 541171.875000 	 15.781150 	 21.858400 	
5 	 464203.125000 	 15.462792 	 18.835070 	
6 	 398109.375000 	 15.206261 	 16.073065 	
7 	 341484.375000 	 15.022998 	 13.612476 	
8 	 292921.875000 	 14.880816 	 11.375576 	
9 	 251203.140625 	 14.782395 	 9.352093 	
10 	 215484.375000 	 14.709393 	 7.508125 	
11 	 184828.125000 	 14.666697 	 5.886426 	
12 	 158578.125000 	 14.635978 	 4.326801 	
13 	 135984.375000 	 14.621199 	 2.883340 	
14 	 116671.867187 	 14.629305 	 1.531908 	
15 	 100078.125000 	 14.642887 	 0.242784 	
16 	 85828.125000 	 14.667622 	 -1.040423 	
17 	 73640.625000 	 14.709482 	 -2.310161 	
18 	 63140.625000 	 14.762979 	 -3.589412 	
19 	 54140.625000 	 14.832242 	 -4.921447 	
20 	 46453.125000 	 14.916142 	 -6.302131 	
21 	 39890.625000 	 15.023852 	 -7.764965 	
22 	 34171.875000 	 15.149247 	 -9.325329 	
23 	 29296.875000 	 15.306803 	 -11.021354 	
24 	 25171.875000 	 15.491699 	 -12.819453 	
25 	 21609.375000 	 15.714626 	 -14.786576 	
26 	 18515.625000 	 15.988191 	 -16.966171 	
27 	 15890.625000 	 16.317884 	 -19.330420 	
28 	 13640.625000 	 16.715702 	 -21.897348 	
29 	 11671.875000 	 17.211670 	 -24.734312 	
30 	 10078.125000 	 17.786699 	 -27.650932 	
31 	 8578.125000 	 18.563992 	 -31.064363 	
32 	 7359.375488 	 19.485981 	 -34.531525 	
33 	 6328.125000 	 20.604570 	 -38.065971 	
34 	 5376.838379 	 22.088686 	 -42.011017 	
35 	 4641.543945 	 23.731972 	 -45.598457 	
36 	 3984.374756 	 25.804518 	 -49.309208 	
37 	 3421.875000 	 28.302837 	 -52.875340 	
38 	 2953.125000 	 31.177084 	 -56.188995 	
39 	 2527.573486 	 34.857544 	 -59.421181 	
40 	 2159.926514 	 39.202496 	 -62.533890 	
41 	 1847.956665 	 44.404503 	 -65.360634 	
42 	 1577.524048 	 50.570374 	 -67.896851 	
43 	 1359.375000 	 57.386303 	 -70.056953 	
44 	 1171.875000 	 65.308723 	 -71.963509 	
45 	 998.263855 	 75.286972 	 -73.787750 	
46 	 856.370239 	 86.378197 	 -75.364952 	
47 	 737.847229 	 98.994225 	 -76.648689 	
48 	 627.790161 	 114.840431 	 -77.989540 	
49 	 544.084778 	 131.123962 	 -78.891335 	
50 	 460.379456 	 153.189636 	 -79.899796 	
51 	 397.995270 	 175.578598 	 -80.654640 	
52 	 340.221771 	 203.475342 	 -81.363663 	
53 	 292.968750 	 234.279190 	 -81.951248 	
54 	 252.403839 	 269.705536 	 -82.461952 	
55 	 217.013885 	 309.216583 	 -82.838272 	
56 	 186.011902 	 358.877777 	 -83.239555 	
57 	 158.361496 	 418.752594 	 -83.602623 	
58 	 135.216339 	 486.950989 	 -83.921425 	
59 	 117.187500 	 558.260864 	 -84.167953 	
