IMPEDANCE MEASUREMENT 
2:11:49.059 PM 2026-10-06
Chamber temperature (K): 296.31
Chamber pressure (MPa): 49.71
Description: 	Default
Driving voltage (V): 0.01
Start freq (Hz): 1E+6
Stop freq (Hz): 1E+2
# freq steps: 60
Index #	Frequency (Hz)	Impedance (ohms)	Phase (degrees)
0 	 1000078.125000 	 18.543785 	 36.287498 	
1 	 857765.625000 	 17.646170 	 32.291855 	
2 	 735703.125000 	 16.928253 	 28.449184 	
3 	 630984.375000 	 16.380335 	 24.886847 	
4 	 541171.875000 	 15.962119 	 21.595224 	
5 	 464203.125000 	 15.626750 	 18.598801 	
6 	 398109.375000 	 15.382562 	 15.860813 	
7 	 341484.375000 	 15.197236 	 13.427994 	
8 	 292921.875000 	 15.064153 	 11.209956 	
9 	 251203.140625 	 14.958309 	 9.196843 	
10 	 215484.375000 	 14.892158 	 7.402073 	
11 	 184828.125000 	 14.851888 	 5.719154 	
12 	 158578.125000 	 14.812732 	 4.198595 	
13 	 135984.375000 	 14.808862 	 2.758659 	
14 	 116671.867187 	 14.814206 	 1.419345 	
15 	 100078.125000 	 14.832008 	 0.111149 	
16 	 85828.125000 	 14.859306 	 -1.163121 	
17 	 73640.625000 	 14.904392 	 -2.438501 	
18 	 63140.625000 	 14.959142 	 -3.731001 	
19 	 54140.625000 	 15.032104 	 -5.078912 	
20 	 46453.125000 	 15.119942 	 -6.479939 	
21 	 39890.625000 	 15.228400 	 -7.944414 	
22 	 34171.875000 	 15.365586 	 -9.538302 	
23 	 29296.875000 	 15.524805 	 -11.244351 	
24 	 25171.875000 	 15.717572 	 -13.078605 	
25 	 21609.375000 	 15.953755 	 -15.080769 	
26 	 18515.625000 	 16.240229 	 -17.297686 	
27 	 15890.625000 	 16.583942 	 -19.668015 	
28 	 13640.625000 	 17.004417 	 -22.267429 	
29 	 11671.875000 	 17.520958 	 -25.145657 	
30 	 10078.125000 	 18.127323 	 -28.065092 	
31 	 8578.125000 	 18.941179 	 -31.508673 	
32 	 7359.375488 	 19.902294 	 -34.962261 	
33 	 6328.125000 	 21.075581 	 -38.531776 	
34 	 5376.838379 	 22.623728 	 -42.428764 	
35 	 4641.543945 	 24.341801 	 -45.988686 	
36 	 3984.374756 	 26.492105 	 -49.664753 	
37 	 3421.875000 	 29.084824 	 -53.158016 	
38 	 2953.125000 	 32.089443 	 -56.422314 	
39 	 2527.573486 	 35.831264 	 -59.641411 	
40 	 2159.926514 	 40.385002 	 -62.679848 	
41 	 1847.956665 	 45.702065 	 -65.427055 	
42 	 1577.524048 	 52.044540 	 -67.916458 	
43 	 1359.375000 	 59.053883 	 -70.004074 	
44 	 1171.875000 	 67.201233 	 -71.914116 	
45 	 998.263855 	 77.380257 	 -73.655838 	
46 	 856.370239 	 88.914284 	 -75.212914 	
47 	 737.847229 	 101.740021 	 -76.498734 	
48 	 627.790161 	 117.891846 	 -77.728348 	
49 	 544.084778 	 134.741318 	 -78.614128 	
50 	 460.379456 	 157.111908 	 -79.631287 	
51 	 397.995270 	 179.961288 	 -80.373878 	
52 	 340.221771 	 208.408936 	 -81.068481 	
53 	 292.968750 	 239.806854 	 -81.641357 	
54 	 252.403839 	 275.920868 	 -82.146347 	
55 	 217.013885 	 316.483276 	 -82.518074 	
56 	 186.011902 	 366.931366 	 -82.913689 	
57 	 158.361496 	 427.724670 	 -83.280304 	
58 	 135.216339 	 496.922455 	 -83.584755 	
59 	 117.187500 	 569.323242 	 -83.811264 	
