IMPEDANCE MEASUREMENT 
5:36:01.112 PM 2026-10-06
Chamber temperature (K): 296.47
Chamber pressure (MPa): 152.04
Description: 	Default
Driving voltage (V): 0.01
Start freq (Hz): 1E+6
Stop freq (Hz): 1E+2
# freq steps: 60
Index #	Frequency (Hz)	Impedance (ohms)	Phase (degrees)
0 	 1000078.125000 	 18.476620 	 36.413639 	
1 	 857765.625000 	 17.571209 	 32.348877 	
2 	 735703.125000 	 16.862900 	 28.537598 	
3 	 630984.375000 	 16.309483 	 24.996229 	
4 	 541171.875000 	 15.887640 	 21.712210 	
5 	 464203.125000 	 15.553245 	 18.693531 	
6 	 398109.375000 	 15.304452 	 15.967544 	
7 	 341484.375000 	 15.114849 	 13.502667 	
8 	 292921.875000 	 14.982005 	 11.280962 	
9 	 251203.140625 	 14.873331 	 9.279290 	
10 	 215484.375000 	 14.808673 	 7.471341 	
11 	 184828.125000 	 14.760260 	 5.816045 	
12 	 158578.125000 	 14.731661 	 4.288864 	
13 	 135984.375000 	 14.712425 	 2.847021 	
14 	 116671.867187 	 14.723656 	 1.482112 	
15 	 100078.125000 	 14.737659 	 0.229242 	
16 	 85828.125000 	 14.766129 	 -1.026142 	
17 	 73640.625000 	 14.806809 	 -2.305851 	
18 	 63140.625000 	 14.861846 	 -3.580906 	
19 	 54140.625000 	 14.927507 	 -4.904033 	
20 	 46453.125000 	 15.017884 	 -6.275474 	
21 	 39890.625000 	 15.121673 	 -7.721982 	
22 	 34171.875000 	 15.251196 	 -9.286910 	
23 	 29296.875000 	 15.404414 	 -10.959069 	
24 	 25171.875000 	 15.588937 	 -12.737766 	
25 	 21609.375000 	 15.812378 	 -14.696759 	
26 	 18515.625000 	 16.086365 	 -16.862764 	
27 	 15890.625000 	 16.410152 	 -19.202854 	
28 	 13640.625000 	 16.806393 	 -21.743650 	
29 	 11671.875000 	 17.307747 	 -24.580013 	
30 	 10078.125000 	 17.875286 	 -27.465359 	
31 	 8578.125000 	 18.644281 	 -30.879641 	
32 	 7359.375488 	 19.561266 	 -34.309746 	
33 	 6328.125000 	 20.668240 	 -37.856743 	
34 	 5376.838379 	 22.146090 	 -41.804970 	
35 	 4641.543945 	 23.783123 	 -45.393723 	
36 	 3984.374756 	 25.845638 	 -49.083698 	
37 	 3421.875000 	 28.328487 	 -52.684536 	
38 	 2953.125000 	 31.202465 	 -56.000988 	
39 	 2527.573486 	 34.839935 	 -59.277767 	
40 	 2159.926514 	 39.218575 	 -62.397007 	
41 	 1847.956665 	 44.336067 	 -65.222435 	
42 	 1577.524048 	 50.508991 	 -67.849167 	
43 	 1359.375000 	 57.341904 	 -69.989502 	
44 	 1171.875000 	 65.232201 	 -71.936691 	
45 	 998.263855 	 75.188072 	 -73.819847 	
46 	 856.370239 	 86.395279 	 -75.373131 	
47 	 737.847229 	 98.980995 	 -76.676437 	
48 	 627.790161 	 114.780899 	 -78.004784 	
49 	 544.084778 	 131.006180 	 -78.967690 	
50 	 460.379456 	 153.162918 	 -79.969902 	
51 	 397.995270 	 175.571518 	 -80.735458 	
52 	 340.221771 	 203.518234 	 -81.452339 	
53 	 292.968750 	 234.352341 	 -82.054146 	
54 	 252.403839 	 269.876465 	 -82.573753 	
55 	 217.013885 	 309.635956 	 -82.951385 	
56 	 186.011902 	 359.426361 	 -83.368362 	
57 	 158.361496 	 419.417450 	 -83.738960 	
58 	 135.216339 	 487.824341 	 -84.058876 	
59 	 117.187500 	 559.287415 	 -84.295738 	
