IMPEDANCE MEASUREMENT 
3:58:57.489 PM 2026-10-06
Chamber temperature (K): 296.4
Chamber pressure (MPa): 76.89
Description: 	Default
Driving voltage (V): 0.01
Start freq (Hz): 1E+6
Stop freq (Hz): 1E+2
# freq steps: 60
Index #	Frequency (Hz)	Impedance (ohms)	Phase (degrees)
0 	 1000078.125000 	 18.692099 	 35.936714 	
1 	 857765.625000 	 17.788910 	 31.920790 	
2 	 735703.125000 	 17.090614 	 28.165405 	
3 	 630984.375000 	 16.544674 	 24.586691 	
4 	 541171.875000 	 16.119339 	 21.373438 	
5 	 464203.125000 	 15.801459 	 18.418888 	
6 	 398109.375000 	 15.551705 	 15.712325 	
7 	 341484.375000 	 15.370281 	 13.296732 	
8 	 292921.875000 	 15.233153 	 11.123544 	
9 	 251203.140625 	 15.136232 	 9.156486 	
10 	 215484.375000 	 15.065730 	 7.358926 	
11 	 184828.125000 	 15.019091 	 5.750078 	
12 	 158578.125000 	 14.993503 	 4.235005 	
13 	 135984.375000 	 14.980083 	 2.839009 	
14 	 116671.867187 	 14.988074 	 1.521155 	
15 	 100078.125000 	 14.998654 	 0.265912 	
16 	 85828.125000 	 15.029305 	 -0.975765 	
17 	 73640.625000 	 15.061841 	 -2.198302 	
18 	 63140.625000 	 15.118217 	 -3.449340 	
19 	 54140.625000 	 15.184459 	 -4.756055 	
20 	 46453.125000 	 15.269549 	 -6.095195 	
21 	 39890.625000 	 15.372784 	 -7.495911 	
22 	 34171.875000 	 15.495120 	 -9.029594 	
23 	 29296.875000 	 15.653995 	 -10.649745 	
24 	 25171.875000 	 15.832485 	 -12.406462 	
25 	 21609.375000 	 16.050764 	 -14.325905 	
26 	 18515.625000 	 16.315865 	 -16.438053 	
27 	 15890.625000 	 16.637239 	 -18.722828 	
28 	 13640.625000 	 17.025517 	 -21.219097 	
29 	 11671.875000 	 17.508589 	 -23.991934 	
30 	 10078.125000 	 18.059731 	 -26.826479 	
31 	 8578.125000 	 18.816416 	 -30.176704 	
32 	 7359.375488 	 19.699764 	 -33.586933 	
33 	 6328.125000 	 20.786745 	 -37.098434 	
34 	 5376.838379 	 22.220608 	 -41.018120 	
35 	 4641.543945 	 23.822777 	 -44.628925 	
36 	 3984.374756 	 25.835276 	 -48.318043 	
37 	 3421.875000 	 28.269201 	 -51.939770 	
38 	 2953.125000 	 31.080814 	 -55.293102 	
39 	 2527.573486 	 34.643303 	 -58.635323 	
40 	 2159.926514 	 38.958469 	 -61.815548 	
41 	 1847.956665 	 43.993801 	 -64.651360 	
42 	 1577.524048 	 50.080078 	 -67.311050 	
43 	 1359.375000 	 56.789112 	 -69.523056 	
44 	 1171.875000 	 64.592735 	 -71.527214 	
45 	 998.263855 	 74.365372 	 -73.454651 	
46 	 856.370239 	 85.350533 	 -75.034058 	
47 	 737.847229 	 97.752190 	 -76.451241 	
48 	 627.790161 	 113.414452 	 -77.743851 	
49 	 544.084778 	 129.478302 	 -78.776215 	
50 	 460.379456 	 151.349106 	 -79.787483 	
51 	 397.995270 	 173.465179 	 -80.576591 	
52 	 340.221771 	 201.056076 	 -81.315804 	
53 	 292.968750 	 231.520233 	 -81.927994 	
54 	 252.403839 	 266.574829 	 -82.460236 	
55 	 217.013885 	 307.615265 	 -82.932068 	
56 	 186.011902 	 354.865143 	 -83.286278 	
57 	 158.361496 	 414.166656 	 -83.667297 	
58 	 135.216339 	 481.768768 	 -83.987358 	
59 	 117.187500 	 552.133362 	 -84.247223 	
