IMPEDANCE MEASUREMENT 
2:31:33.741 PM 2026-10-06
Chamber temperature (K): 296.33
Chamber pressure (MPa): 99.06
Description: 	Default
Driving voltage (V): 0.01
Start freq (Hz): 1E+6
Stop freq (Hz): 1E+2
# freq steps: 60
Index #	Frequency (Hz)	Impedance (ohms)	Phase (degrees)
0 	 1000078.125000 	 18.332180 	 36.770351 	
1 	 857765.625000 	 17.420191 	 32.710602 	
2 	 735703.125000 	 16.696333 	 28.821114 	
3 	 630984.375000 	 16.141478 	 25.262329 	
4 	 541171.875000 	 15.707598 	 21.928106 	
5 	 464203.125000 	 15.385977 	 18.890701 	
6 	 398109.375000 	 15.132267 	 16.155674 	
7 	 341484.375000 	 14.948497 	 13.648550 	
8 	 292921.875000 	 14.808943 	 11.388316 	
9 	 251203.140625 	 14.699666 	 9.363570 	
10 	 215484.375000 	 14.632176 	 7.530839 	
11 	 184828.125000 	 14.588192 	 5.852315 	
12 	 158578.125000 	 14.558379 	 4.311481 	
13 	 135984.375000 	 14.551065 	 2.847765 	
14 	 116671.867187 	 14.549892 	 1.469661 	
15 	 100078.125000 	 14.571228 	 0.172209 	
16 	 85828.125000 	 14.598711 	 -1.135991 	
17 	 73640.625000 	 14.640182 	 -2.428906 	
18 	 63140.625000 	 14.695620 	 -3.741071 	
19 	 54140.625000 	 14.766717 	 -5.095680 	
20 	 46453.125000 	 14.856347 	 -6.507674 	
21 	 39890.625000 	 14.964467 	 -7.986800 	
22 	 34171.875000 	 15.097336 	 -9.596727 	
23 	 29296.875000 	 15.257475 	 -11.314476 	
24 	 25171.875000 	 15.450231 	 -13.169299 	
25 	 21609.375000 	 15.679413 	 -15.166697 	
26 	 18515.625000 	 15.965058 	 -17.401073 	
27 	 15890.625000 	 16.308472 	 -19.801968 	
28 	 13640.625000 	 16.724606 	 -22.421091 	
29 	 11671.875000 	 17.241365 	 -25.319483 	
30 	 10078.125000 	 17.840322 	 -28.256262 	
31 	 8578.125000 	 18.653137 	 -31.729996 	
32 	 7359.375488 	 19.612204 	 -35.207897 	
33 	 6328.125000 	 20.763769 	 -38.765297 	
34 	 5376.838379 	 22.312073 	 -42.692753 	
35 	 4641.543945 	 24.021061 	 -46.272549 	
36 	 3984.374756 	 26.157581 	 -49.941326 	
37 	 3421.875000 	 28.745739 	 -53.457172 	
38 	 2953.125000 	 31.720615 	 -56.718430 	
39 	 2527.573486 	 35.468494 	 -59.920803 	
40 	 2159.926514 	 39.965752 	 -62.938572 	
41 	 1847.956665 	 45.253933 	 -65.689590 	
42 	 1577.524048 	 51.600819 	 -68.138626 	
43 	 1359.375000 	 58.584370 	 -70.238419 	
44 	 1171.875000 	 66.626610 	 -72.115883 	
45 	 998.263855 	 76.831261 	 -73.938049 	
46 	 856.370239 	 88.195023 	 -75.426239 	
47 	 737.847229 	 100.950699 	 -76.714172 	
48 	 627.790161 	 117.047279 	 -77.940407 	
49 	 544.084778 	 133.701813 	 -78.830856 	
50 	 460.379456 	 156.173874 	 -79.807343 	
51 	 397.995270 	 178.908463 	 -80.535835 	
52 	 340.221771 	 207.244614 	 -81.231544 	
53 	 292.968750 	 238.531647 	 -81.797363 	
54 	 252.403839 	 274.491272 	 -82.299538 	
55 	 217.013885 	 314.572998 	 -82.661781 	
56 	 186.011902 	 364.921753 	 -83.059235 	
57 	 158.361496 	 425.638794 	 -83.415031 	
58 	 135.216339 	 494.717682 	 -83.726562 	
59 	 117.187500 	 566.915771 	 -83.966728 	
