IMPEDANCE MEASUREMENT 
1:49:17.349 PM 2026-10-06
Chamber temperature (K): 296.21
Chamber pressure (MPa): 1.78
Description: 	Default
Driving voltage (V): 0.01
Start freq (Hz): 1E+6
Stop freq (Hz): 1E+2
# freq steps: 60
Index #	Frequency (Hz)	Impedance (ohms)	Phase (degrees)
0 	 1000078.125000 	 20.062620 	 36.279804 	
1 	 857765.625000 	 19.059082 	 32.243076 	
2 	 735703.125000 	 18.276501 	 28.408554 	
3 	 630984.375000 	 17.663040 	 24.864859 	
4 	 541171.875000 	 17.201897 	 21.563934 	
5 	 464203.125000 	 16.846542 	 18.565857 	
6 	 398109.375000 	 16.577309 	 15.855736 	
7 	 341484.375000 	 16.380417 	 13.377073 	
8 	 292921.875000 	 16.229788 	 11.167923 	
9 	 251203.140625 	 16.126402 	 9.164594 	
10 	 215484.375000 	 16.053947 	 7.364827 	
11 	 184828.125000 	 16.003433 	 5.688179 	
12 	 158578.125000 	 15.976326 	 4.173511 	
13 	 135984.375000 	 15.966595 	 2.752211 	
14 	 116671.867187 	 15.969662 	 1.390613 	
15 	 100078.125000 	 15.992090 	 0.122559 	
16 	 85828.125000 	 16.027258 	 -1.152870 	
17 	 73640.625000 	 16.071728 	 -2.409693 	
18 	 63140.625000 	 16.135122 	 -3.695716 	
19 	 54140.625000 	 16.214550 	 -5.015965 	
20 	 46453.125000 	 16.312416 	 -6.390993 	
21 	 39890.625000 	 16.429625 	 -7.844307 	
22 	 34171.875000 	 16.581030 	 -9.386073 	
23 	 29296.875000 	 16.760588 	 -11.075121 	
24 	 25171.875000 	 16.972429 	 -12.849926 	
25 	 21609.375000 	 17.228699 	 -14.797784 	
26 	 18515.625000 	 17.543175 	 -16.910563 	
27 	 15890.625000 	 17.914865 	 -19.199129 	
28 	 13640.625000 	 18.366451 	 -21.663986 	
29 	 11671.875000 	 18.919542 	 -24.394201 	
30 	 10078.125000 	 19.557573 	 -27.163546 	
31 	 8578.125000 	 20.401623 	 -30.422588 	
32 	 7359.375488 	 21.387053 	 -33.694103 	
33 	 6328.125000 	 22.572525 	 -37.080070 	
34 	 5376.838379 	 24.138378 	 -40.825932 	
35 	 4641.543945 	 25.850582 	 -44.294659 	
36 	 3984.374756 	 28.017338 	 -47.841599 	
37 	 3421.875000 	 30.606848 	 -51.342590 	
38 	 2953.125000 	 33.598339 	 -54.597527 	
39 	 2527.573486 	 37.374996 	 -57.881870 	
40 	 2159.926514 	 41.905697 	 -60.962887 	
41 	 1847.956665 	 47.240875 	 -63.806007 	
42 	 1577.524048 	 53.635750 	 -66.406914 	
43 	 1359.375000 	 60.692959 	 -68.601288 	
44 	 1171.875000 	 68.859558 	 -70.603477 	
45 	 998.263855 	 79.177361 	 -72.524040 	
46 	 856.370239 	 90.733940 	 -74.090981 	
47 	 737.847229 	 103.681259 	 -75.533730 	
48 	 627.790161 	 120.037857 	 -76.825912 	
49 	 544.084778 	 136.773682 	 -77.889488 	
50 	 460.379456 	 159.581467 	 -78.889359 	
51 	 397.995270 	 182.631180 	 -79.696442 	
52 	 340.221771 	 211.293335 	 -80.460655 	
53 	 292.968750 	 242.956238 	 -81.095757 	
54 	 252.403839 	 279.352142 	 -81.656815 	
55 	 217.013885 	 321.874786 	 -82.147644 	
56 	 186.011902 	 372.081360 	 -82.592865 	
57 	 158.361496 	 433.029053 	 -82.994820 	
58 	 135.216339 	 502.615417 	 -83.335365 	
59 	 117.187500 	 575.351746 	 -83.610672 	
