IMPEDANCE MEASUREMENT 
5:47:40.606 PM 2026-10-06
Chamber temperature (K): 296.45
Chamber pressure (MPa): 101.43
Description: 	Default
Driving voltage (V): 0.01
Start freq (Hz): 1E+6
Stop freq (Hz): 1E+2
# freq steps: 60
Index #	Frequency (Hz)	Impedance (ohms)	Phase (degrees)
0 	 1000078.125000 	 18.646116 	 35.970173 	
1 	 857765.625000 	 17.750362 	 31.961050 	
2 	 735703.125000 	 17.045364 	 28.212088 	
3 	 630984.375000 	 16.493807 	 24.684761 	
4 	 541171.875000 	 16.075369 	 21.405045 	
5 	 464203.125000 	 15.748867 	 18.435825 	
6 	 398109.375000 	 15.500006 	 15.768681 	
7 	 341484.375000 	 15.315268 	 13.316721 	
8 	 292921.875000 	 15.175800 	 11.125862 	
9 	 251203.140625 	 15.080603 	 9.154439 	
10 	 215484.375000 	 15.011451 	 7.370815 	
11 	 184828.125000 	 14.964927 	 5.702332 	
12 	 158578.125000 	 14.936159 	 4.210695 	
13 	 135984.375000 	 14.929786 	 2.801657 	
14 	 116671.867187 	 14.931390 	 1.468587 	
15 	 100078.125000 	 14.946851 	 0.206780 	
16 	 85828.125000 	 14.973233 	 -1.046386 	
17 	 73640.625000 	 15.011532 	 -2.300244 	
18 	 63140.625000 	 15.067080 	 -3.565056 	
19 	 54140.625000 	 15.135912 	 -4.863319 	
20 	 46453.125000 	 15.220925 	 -6.237411 	
21 	 39890.625000 	 15.328497 	 -7.664133 	
22 	 34171.875000 	 15.457789 	 -9.215544 	
23 	 29296.875000 	 15.611130 	 -10.875852 	
24 	 25171.875000 	 15.798093 	 -12.639851 	
25 	 21609.375000 	 16.020630 	 -14.584628 	
26 	 18515.625000 	 16.288254 	 -16.719950 	
27 	 15890.625000 	 16.621620 	 -19.038181 	
28 	 13640.625000 	 17.020367 	 -21.558537 	
29 	 11671.875000 	 17.512026 	 -24.387943 	
30 	 10078.125000 	 18.085096 	 -27.265173 	
31 	 8578.125000 	 18.856281 	 -30.638296 	
32 	 7359.375488 	 19.766687 	 -34.071617 	
33 	 6328.125000 	 20.871305 	 -37.593174 	
34 	 5376.838379 	 22.349106 	 -41.538624 	
35 	 4641.543945 	 23.983753 	 -45.120754 	
36 	 3984.374756 	 26.051596 	 -48.839169 	
37 	 3421.875000 	 28.527166 	 -52.392403 	
38 	 2953.125000 	 31.406950 	 -55.759102 	
39 	 2527.573486 	 35.044880 	 -59.101219 	
40 	 2159.926514 	 39.428898 	 -62.220100 	
41 	 1847.956665 	 44.568169 	 -65.022621 	
42 	 1577.524048 	 50.797943 	 -67.623749 	
43 	 1359.375000 	 57.564156 	 -69.809273 	
44 	 1171.875000 	 65.483009 	 -71.750832 	
45 	 998.263855 	 75.516022 	 -73.627769 	
46 	 856.370239 	 86.703583 	 -75.247093 	
47 	 737.847229 	 99.302551 	 -76.614693 	
48 	 627.790161 	 115.116211 	 -77.878044 	
49 	 544.084778 	 131.474884 	 -78.889740 	
50 	 460.379456 	 153.652191 	 -79.883041 	
51 	 397.995270 	 176.137833 	 -80.657623 	
52 	 340.221771 	 204.134003 	 -81.382973 	
53 	 292.968750 	 235.064087 	 -81.985039 	
54 	 252.403839 	 270.672699 	 -82.507027 	
55 	 217.013885 	 310.570526 	 -82.897781 	
56 	 186.011902 	 360.505066 	 -83.316284 	
57 	 158.361496 	 420.656433 	 -83.691338 	
58 	 135.216339 	 489.218231 	 -84.009605 	
59 	 117.187500 	 560.820923 	 -84.249420 	
