IMPEDANCE MEASUREMENT 
3:59:50.903 PM 2026-10-06
Chamber temperature (K): 296.4
Chamber pressure (MPa): 76.87
Description: 	Default
Driving voltage (V): 0.01
Start freq (Hz): 1E+6
Stop freq (Hz): 1E+2
# freq steps: 60
Index #	Frequency (Hz)	Impedance (ohms)	Phase (degrees)
0 	 1000078.125000 	 18.679594 	 35.934402 	
1 	 857765.625000 	 17.786316 	 31.942476 	
2 	 735703.125000 	 17.076933 	 28.163788 	
3 	 630984.375000 	 16.538673 	 24.617399 	
4 	 541171.875000 	 16.108265 	 21.386248 	
5 	 464203.125000 	 15.787404 	 18.424488 	
6 	 398109.375000 	 15.543860 	 15.732292 	
7 	 341484.375000 	 15.354280 	 13.333797 	
8 	 292921.875000 	 15.217076 	 11.136029 	
9 	 251203.140625 	 15.123506 	 9.152380 	
10 	 215484.375000 	 15.048297 	 7.363934 	
11 	 184828.125000 	 15.005062 	 5.758497 	
12 	 158578.125000 	 14.980659 	 4.241493 	
13 	 135984.375000 	 14.970775 	 2.854305 	
14 	 116671.867187 	 14.970638 	 1.537829 	
15 	 100078.125000 	 14.985986 	 0.266457 	
16 	 85828.125000 	 15.012382 	 -0.977906 	
17 	 73640.625000 	 15.049633 	 -2.213951 	
18 	 63140.625000 	 15.101418 	 -3.462046 	
19 	 54140.625000 	 15.171871 	 -4.760128 	
20 	 46453.125000 	 15.256574 	 -6.094144 	
21 	 39890.625000 	 15.357929 	 -7.513511 	
22 	 34171.875000 	 15.484405 	 -9.031218 	
23 	 29296.875000 	 15.636457 	 -10.693842 	
24 	 25171.875000 	 15.816422 	 -12.438358 	
25 	 21609.375000 	 16.035995 	 -14.342352 	
26 	 18515.625000 	 16.301228 	 -16.438547 	
27 	 15890.625000 	 16.624496 	 -18.742411 	
28 	 13640.625000 	 17.009804 	 -21.240582 	
29 	 11671.875000 	 17.494013 	 -24.024046 	
30 	 10078.125000 	 18.051434 	 -26.852406 	
31 	 8578.125000 	 18.807112 	 -30.214489 	
32 	 7359.375488 	 19.694469 	 -33.608303 	
33 	 6328.125000 	 20.774567 	 -37.148689 	
34 	 5376.838379 	 22.218824 	 -41.041012 	
35 	 4641.543945 	 23.813068 	 -44.626064 	
36 	 3984.374756 	 25.825897 	 -48.355057 	
37 	 3421.875000 	 28.265884 	 -51.968769 	
38 	 2953.125000 	 31.078957 	 -55.341038 	
39 	 2527.573486 	 34.648651 	 -58.692631 	
40 	 2159.926514 	 38.926979 	 -61.832699 	
41 	 1847.956665 	 44.006168 	 -64.694534 	
42 	 1577.524048 	 50.104259 	 -67.331688 	
43 	 1359.375000 	 56.774303 	 -69.553642 	
44 	 1171.875000 	 64.587700 	 -71.509300 	
45 	 998.263855 	 74.447243 	 -73.472595 	
46 	 856.370239 	 85.423615 	 -75.062668 	
47 	 737.847229 	 97.823700 	 -76.395660 	
48 	 627.790161 	 113.569420 	 -77.725044 	
49 	 544.084778 	 129.482483 	 -78.744034 	
50 	 460.379456 	 151.386505 	 -79.791321 	
51 	 397.995270 	 173.525787 	 -80.578865 	
52 	 340.221771 	 201.092941 	 -81.317131 	
53 	 292.968750 	 231.583618 	 -81.927963 	
54 	 252.403839 	 266.653992 	 -82.464485 	
55 	 217.013885 	 307.708038 	 -82.941040 	
56 	 186.011902 	 354.934540 	 -83.285446 	
57 	 158.361496 	 414.345520 	 -83.666412 	
58 	 135.216339 	 481.814362 	 -83.993698 	
59 	 117.187500 	 552.369263 	 -84.238319 	
