IMPEDANCE MEASUREMENT 
3:34:26.050 PM 2026-10-06
Chamber temperature (K): 296.43
Chamber pressure (MPa): 174.04
Description: 	Default
Driving voltage (V): 0.01
Start freq (Hz): 1E+6
Stop freq (Hz): 1E+2
# freq steps: 60
Index #	Frequency (Hz)	Impedance (ohms)	Phase (degrees)
0 	 1000078.125000 	 18.495853 	 36.417751 	
1 	 857765.625000 	 17.593794 	 32.376106 	
2 	 735703.125000 	 16.881760 	 28.581018 	
3 	 630984.375000 	 16.321815 	 25.000046 	
4 	 541171.875000 	 15.893951 	 21.720455 	
5 	 464203.125000 	 15.566061 	 18.727137 	
6 	 398109.375000 	 15.315068 	 16.014679 	
7 	 341484.375000 	 15.132810 	 13.564513 	
8 	 292921.875000 	 14.992711 	 11.330066 	
9 	 251203.140625 	 14.889105 	 9.314533 	
10 	 215484.375000 	 14.814277 	 7.501464 	
11 	 184828.125000 	 14.770420 	 5.859828 	
12 	 158578.125000 	 14.749126 	 4.332883 	
13 	 135984.375000 	 14.734157 	 2.932496 	
14 	 116671.867187 	 14.730978 	 1.577819 	
15 	 100078.125000 	 14.748609 	 0.298758 	
16 	 85828.125000 	 14.778665 	 -0.954350 	
17 	 73640.625000 	 14.813336 	 -2.200489 	
18 	 63140.625000 	 14.865183 	 -3.463655 	
19 	 54140.625000 	 14.935731 	 -4.767394 	
20 	 46453.125000 	 15.019682 	 -6.123869 	
21 	 39890.625000 	 15.117111 	 -7.554816 	
22 	 34171.875000 	 15.243505 	 -9.092162 	
23 	 29296.875000 	 15.393874 	 -10.735927 	
24 	 25171.875000 	 15.572315 	 -12.494794 	
25 	 21609.375000 	 15.791376 	 -14.432593 	
26 	 18515.625000 	 16.058622 	 -16.555365 	
27 	 15890.625000 	 16.371883 	 -18.875771 	
28 	 13640.625000 	 16.759684 	 -21.387875 	
29 	 11671.875000 	 17.238930 	 -24.192593 	
30 	 10078.125000 	 17.794418 	 -27.042322 	
31 	 8578.125000 	 18.546402 	 -30.415068 	
32 	 7359.375488 	 19.430120 	 -33.845081 	
33 	 6328.125000 	 20.506847 	 -37.371452 	
34 	 5376.838379 	 21.943541 	 -41.297344 	
35 	 4641.543945 	 23.539402 	 -44.888218 	
36 	 3984.374756 	 25.540909 	 -48.609886 	
37 	 3421.875000 	 27.974072 	 -52.240974 	
38 	 2953.125000 	 30.770006 	 -55.573112 	
39 	 2527.573486 	 34.338352 	 -58.887211 	
40 	 2159.926514 	 38.602203 	 -62.099815 	
41 	 1847.956665 	 43.622368 	 -64.935257 	
42 	 1577.524048 	 49.692299 	 -67.526642 	
43 	 1359.375000 	 56.342056 	 -69.788170 	
44 	 1171.875000 	 64.115318 	 -71.670876 	
45 	 998.263855 	 73.870850 	 -73.607384 	
46 	 856.370239 	 84.801239 	 -75.200630 	
47 	 737.847229 	 97.234665 	 -76.585487 	
48 	 627.790161 	 112.746582 	 -77.894302 	
49 	 544.084778 	 128.620987 	 -78.903603 	
50 	 460.379456 	 150.435120 	 -79.900101 	
51 	 397.995270 	 172.455490 	 -80.678398 	
52 	 340.221771 	 199.914612 	 -81.413124 	
53 	 292.968750 	 230.202393 	 -82.015862 	
54 	 252.403839 	 265.084747 	 -82.543823 	
55 	 217.013885 	 305.906769 	 -83.012283 	
56 	 186.011902 	 352.834961 	 -83.354721 	
57 	 158.361496 	 411.941040 	 -83.735413 	
58 	 135.216339 	 479.217255 	 -84.057938 	
59 	 117.187500 	 549.325378 	 -84.312546 	
