IMPEDANCE MEASUREMENT 
3:29:48.616 PM 2026-10-06
Chamber temperature (K): 296.42
Chamber pressure (MPa): 200.06
Description: 	Default
Driving voltage (V): 0.01
Start freq (Hz): 1E+6
Stop freq (Hz): 1E+2
# freq steps: 60
Index #	Frequency (Hz)	Impedance (ohms)	Phase (degrees)
0 	 1000078.125000 	 18.342607 	 36.772137 	
1 	 857765.625000 	 17.431547 	 32.709419 	
2 	 735703.125000 	 16.711939 	 28.884644 	
3 	 630984.375000 	 16.149294 	 25.296310 	
4 	 541171.875000 	 15.715816 	 21.974020 	
5 	 464203.125000 	 15.389737 	 18.970800 	
6 	 398109.375000 	 15.141829 	 16.196630 	
7 	 341484.375000 	 14.942178 	 13.708255 	
8 	 292921.875000 	 14.809106 	 11.459369 	
9 	 251203.140625 	 14.702536 	 9.452054 	
10 	 215484.375000 	 14.629047 	 7.612677 	
11 	 184828.125000 	 14.585732 	 5.930464 	
12 	 158578.125000 	 14.560696 	 4.398877 	
13 	 135984.375000 	 14.540737 	 2.977132 	
14 	 116671.867187 	 14.543130 	 1.623323 	
15 	 100078.125000 	 14.565619 	 0.317448 	
16 	 85828.125000 	 14.591910 	 -0.944633 	
17 	 73640.625000 	 14.627363 	 -2.219145 	
18 	 63140.625000 	 14.683650 	 -3.501456 	
19 	 54140.625000 	 14.748643 	 -4.815424 	
20 	 46453.125000 	 14.833285 	 -6.175605 	
21 	 39890.625000 	 14.936357 	 -7.611331 	
22 	 34171.875000 	 15.060718 	 -9.180405 	
23 	 29296.875000 	 15.213617 	 -10.847281 	
24 	 25171.875000 	 15.393155 	 -12.630546 	
25 	 21609.375000 	 15.610385 	 -14.577929 	
26 	 18515.625000 	 15.878205 	 -16.725195 	
27 	 15890.625000 	 16.195494 	 -19.048223 	
28 	 13640.625000 	 16.586382 	 -21.579636 	
29 	 11671.875000 	 17.071308 	 -24.414497 	
30 	 10078.125000 	 17.627003 	 -27.281923 	
31 	 8578.125000 	 18.386061 	 -30.688015 	
32 	 7359.375488 	 19.273233 	 -34.114868 	
33 	 6328.125000 	 20.354538 	 -37.645760 	
34 	 5376.838379 	 21.795143 	 -41.584755 	
35 	 4641.543945 	 23.391073 	 -45.178566 	
36 	 3984.374756 	 25.415897 	 -48.865696 	
37 	 3421.875000 	 27.840509 	 -52.505623 	
38 	 2953.125000 	 30.651165 	 -55.839024 	
39 	 2527.573486 	 34.207569 	 -59.160324 	
40 	 2159.926514 	 38.500111 	 -62.294376 	
41 	 1847.956665 	 43.538475 	 -65.114624 	
42 	 1577.524048 	 49.571453 	 -67.710457 	
43 	 1359.375000 	 56.291042 	 -69.899155 	
44 	 1171.875000 	 64.075325 	 -71.863724 	
45 	 998.263855 	 73.770798 	 -73.743721 	
46 	 856.370239 	 84.676064 	 -75.313965 	
47 	 737.847229 	 97.034241 	 -76.711357 	
48 	 627.790161 	 112.572693 	 -78.022827 	
49 	 544.084778 	 128.699829 	 -78.955040 	
50 	 460.379456 	 150.299835 	 -79.954803 	
51 	 397.995270 	 172.297363 	 -80.723038 	
52 	 340.221771 	 199.713837 	 -81.448669 	
53 	 292.968750 	 230.017014 	 -82.052895 	
54 	 252.403839 	 264.852814 	 -82.575943 	
55 	 217.013885 	 305.696289 	 -83.031883 	
56 	 186.011902 	 352.556396 	 -83.373611 	
57 	 158.361496 	 411.571289 	 -83.743523 	
58 	 135.216339 	 478.746277 	 -84.062622 	
59 	 117.187500 	 548.995483 	 -84.308418 	
