IMPEDANCE MEASUREMENT 
5:04:17.206 PM 2026-10-06
Chamber temperature (K): 296.47
Chamber pressure (MPa): 150.56
Description: 	Default
Driving voltage (V): 0.01
Start freq (Hz): 1E+6
Stop freq (Hz): 1E+2
# freq steps: 60
Index #	Frequency (Hz)	Impedance (ohms)	Phase (degrees)
0 	 1000078.125000 	 18.347612 	 36.755749 	
1 	 857765.625000 	 17.426920 	 32.692959 	
2 	 735703.125000 	 16.709637 	 28.860432 	
3 	 630984.375000 	 16.155092 	 25.259031 	
4 	 541171.875000 	 15.720573 	 21.950026 	
5 	 464203.125000 	 15.395049 	 18.915237 	
6 	 398109.375000 	 15.141345 	 16.163319 	
7 	 341484.375000 	 14.950253 	 13.665722 	
8 	 292921.875000 	 14.810231 	 11.428885 	
9 	 251203.140625 	 14.706474 	 9.415137 	
10 	 215484.375000 	 14.635124 	 7.571346 	
11 	 184828.125000 	 14.589021 	 5.863811 	
12 	 158578.125000 	 14.565551 	 4.346963 	
13 	 135984.375000 	 14.558155 	 2.893052 	
14 	 116671.867187 	 14.552485 	 1.498268 	
15 	 100078.125000 	 14.574731 	 0.218819 	
16 	 85828.125000 	 14.602635 	 -1.071171 	
17 	 73640.625000 	 14.642082 	 -2.353525 	
18 	 63140.625000 	 14.695917 	 -3.648710 	
19 	 54140.625000 	 14.767997 	 -4.996857 	
20 	 46453.125000 	 14.855098 	 -6.387350 	
21 	 39890.625000 	 14.961872 	 -7.858817 	
22 	 34171.875000 	 15.091406 	 -9.426645 	
23 	 29296.875000 	 15.248601 	 -11.138758 	
24 	 25171.875000 	 15.435892 	 -12.954992 	
25 	 21609.375000 	 15.661593 	 -14.935628 	
26 	 18515.625000 	 15.939632 	 -17.133726 	
27 	 15890.625000 	 16.269526 	 -19.509209 	
28 	 13640.625000 	 16.673656 	 -22.098646 	
29 	 11671.875000 	 17.174532 	 -24.975618 	
30 	 10078.125000 	 17.756144 	 -27.888567 	
31 	 8578.125000 	 18.546331 	 -31.322887 	
32 	 7359.375488 	 19.475580 	 -34.807850 	
33 	 6328.125000 	 20.601933 	 -38.361412 	
34 	 5376.838379 	 22.098984 	 -42.321896 	
35 	 4641.543945 	 23.770405 	 -45.896389 	
36 	 3984.374756 	 25.867971 	 -49.599655 	
37 	 3421.875000 	 28.390648 	 -53.153271 	
38 	 2953.125000 	 31.311306 	 -56.463326 	
39 	 2527.573486 	 34.960068 	 -59.766186 	
40 	 2159.926514 	 39.405434 	 -62.785965 	
41 	 1847.956665 	 44.590416 	 -65.550995 	
42 	 1577.524048 	 50.869003 	 -68.088463 	
43 	 1359.375000 	 57.725803 	 -70.252861 	
44 	 1171.875000 	 65.724213 	 -72.178329 	
45 	 998.263855 	 75.775993 	 -73.959976 	
46 	 856.370239 	 86.983810 	 -75.504395 	
47 	 737.847229 	 99.685188 	 -76.825439 	
48 	 627.790161 	 115.733765 	 -78.041611 	
49 	 544.084778 	 132.085312 	 -79.070992 	
50 	 460.379456 	 154.364380 	 -80.014282 	
51 	 397.995270 	 176.954529 	 -80.760681 	
52 	 340.221771 	 205.086029 	 -81.465950 	
53 	 292.968750 	 236.169525 	 -82.052429 	
54 	 252.403839 	 271.910950 	 -82.557076 	
55 	 217.013885 	 311.941803 	 -82.922150 	
56 	 186.011902 	 361.972626 	 -83.332024 	
57 	 158.361496 	 422.419250 	 -83.690308 	
58 	 135.216339 	 491.250488 	 -84.003510 	
59 	 117.187500 	 563.078491 	 -84.249069 	
