IMPEDANCE MEASUREMENT 
4:46:39.472 PM 2026-10-06
Chamber temperature (K): 296.45
Chamber pressure (MPa): 99.94
Description: 	Default
Driving voltage (V): 0.01
Start freq (Hz): 1E+6
Stop freq (Hz): 1E+2
# freq steps: 60
Index #	Frequency (Hz)	Impedance (ohms)	Phase (degrees)
0 	 1000078.125000 	 18.473490 	 36.438698 	
1 	 857765.625000 	 17.575541 	 32.395573 	
2 	 735703.125000 	 16.857323 	 28.590258 	
3 	 630984.375000 	 16.299938 	 25.010746 	
4 	 541171.875000 	 15.877874 	 21.703058 	
5 	 464203.125000 	 15.544928 	 18.689583 	
6 	 398109.375000 	 15.295595 	 15.988973 	
7 	 341484.375000 	 15.115667 	 13.518173 	
8 	 292921.875000 	 14.970821 	 11.274351 	
9 	 251203.140625 	 14.872934 	 9.278040 	
10 	 215484.375000 	 14.812557 	 7.462806 	
11 	 184828.125000 	 14.759275 	 5.789462 	
12 	 158578.125000 	 14.730225 	 4.255486 	
13 	 135984.375000 	 14.723246 	 2.859604 	
14 	 116671.867187 	 14.730449 	 1.476446 	
15 	 100078.125000 	 14.742818 	 0.177633 	
16 	 85828.125000 	 14.770478 	 -1.096069 	
17 	 73640.625000 	 14.809670 	 -2.363021 	
18 	 63140.625000 	 14.865222 	 -3.656054 	
19 	 54140.625000 	 14.936586 	 -4.975815 	
20 	 46453.125000 	 15.023211 	 -6.372831 	
21 	 39890.625000 	 15.132174 	 -7.830515 	
22 	 34171.875000 	 15.262433 	 -9.402308 	
23 	 29296.875000 	 15.422006 	 -11.094030 	
24 	 25171.875000 	 15.606561 	 -12.897326 	
25 	 21609.375000 	 15.834818 	 -14.881328 	
26 	 18515.625000 	 16.111387 	 -17.068735 	
27 	 15890.625000 	 16.444170 	 -19.423901 	
28 	 13640.625000 	 16.850842 	 -21.998188 	
29 	 11671.875000 	 17.360601 	 -24.872274 	
30 	 10078.125000 	 17.938990 	 -27.786726 	
31 	 8578.125000 	 18.733221 	 -31.218428 	
32 	 7359.375488 	 19.671663 	 -34.687500 	
33 	 6328.125000 	 20.802338 	 -38.234810 	
34 	 5376.838379 	 22.316099 	 -42.167156 	
35 	 4641.543945 	 23.988100 	 -45.765537 	
36 	 3984.374756 	 26.094896 	 -49.451694 	
37 	 3421.875000 	 28.628706 	 -53.026028 	
38 	 2953.125000 	 31.539707 	 -56.344391 	
39 	 2527.573486 	 35.245770 	 -59.594364 	
40 	 2159.926514 	 39.694798 	 -62.674355 	
41 	 1847.956665 	 44.954632 	 -65.423492 	
42 	 1577.524048 	 51.224178 	 -68.007957 	
43 	 1359.375000 	 58.163837 	 -70.112038 	
44 	 1171.875000 	 66.103157 	 -72.037109 	
45 	 998.263855 	 76.211510 	 -73.850601 	
46 	 856.370239 	 87.554100 	 -75.421593 	
47 	 737.847229 	 100.374374 	 -76.718155 	
48 	 627.790161 	 116.360649 	 -78.007378 	
49 	 544.084778 	 132.894867 	 -78.960968 	
50 	 460.379456 	 155.242065 	 -79.930168 	
51 	 397.995270 	 177.929062 	 -80.682259 	
52 	 340.221771 	 206.204315 	 -81.394760 	
53 	 292.968750 	 237.444519 	 -81.977448 	
54 	 252.403839 	 273.343201 	 -82.489143 	
55 	 217.013885 	 313.510651 	 -82.856659 	
56 	 186.011902 	 363.818359 	 -83.257690 	
57 	 158.361496 	 424.508698 	 -83.625198 	
58 	 135.216339 	 493.580261 	 -83.933990 	
59 	 117.187500 	 565.856262 	 -84.174919 	
