IMPEDANCE MEASUREMENT 
4:15:14.814 PM 2026-10-06
Chamber temperature (K): 296.38
Chamber pressure (MPa): 2.31
Description: 	Default
Driving voltage (V): 0.01
Start freq (Hz): 1E+6
Stop freq (Hz): 1E+2
# freq steps: 60
Index #	Frequency (Hz)	Impedance (ohms)	Phase (degrees)
0 	 1000078.125000 	 19.219494 	 34.806335 	
1 	 857765.625000 	 18.339766 	 30.886557 	
2 	 735703.125000 	 17.658453 	 27.170135 	
3 	 630984.375000 	 17.123058 	 23.712175 	
4 	 541171.875000 	 16.713905 	 20.566067 	
5 	 464203.125000 	 16.401529 	 17.708130 	
6 	 398109.375000 	 16.165211 	 15.109810 	
7 	 341484.375000 	 15.990211 	 12.764572 	
8 	 292921.875000 	 15.858509 	 10.656038 	
9 	 251203.140625 	 15.760500 	 8.741419 	
10 	 215484.375000 	 15.702237 	 7.034372 	
11 	 184828.125000 	 15.651352 	 5.474658 	
12 	 158578.125000 	 15.627026 	 4.026005 	
13 	 135984.375000 	 15.610870 	 2.682143 	
14 	 116671.867187 	 15.613335 	 1.394009 	
15 	 100078.125000 	 15.634108 	 0.190171 	
16 	 85828.125000 	 15.661939 	 -1.011411 	
17 	 73640.625000 	 15.703574 	 -2.209077 	
18 	 63140.625000 	 15.756825 	 -3.418540 	
19 	 54140.625000 	 15.828268 	 -4.686574 	
20 	 46453.125000 	 15.906108 	 -5.979992 	
21 	 39890.625000 	 16.009552 	 -7.353271 	
22 	 34171.875000 	 16.139788 	 -8.856537 	
23 	 29296.875000 	 16.294003 	 -10.449294 	
24 	 25171.875000 	 16.472895 	 -12.158379 	
25 	 21609.375000 	 16.694714 	 -14.035914 	
26 	 18515.625000 	 16.966856 	 -16.105831 	
27 	 15890.625000 	 17.288002 	 -18.354412 	
28 	 13640.625000 	 17.677378 	 -20.811575 	
29 	 11671.875000 	 18.167257 	 -23.540447 	
30 	 10078.125000 	 18.727968 	 -26.345743 	
31 	 8578.125000 	 19.481882 	 -29.646742 	
32 	 7359.375488 	 20.375422 	 -33.014938 	
33 	 6328.125000 	 21.466978 	 -36.504398 	
34 	 5376.838379 	 22.915525 	 -40.391777 	
35 	 4641.543945 	 24.528231 	 -43.982609 	
36 	 3984.374756 	 26.558046 	 -47.695660 	
37 	 3421.875000 	 29.011799 	 -51.314186 	
38 	 2953.125000 	 31.857899 	 -54.704185 	
39 	 2527.573486 	 35.457020 	 -58.080666 	
40 	 2159.926514 	 39.810703 	 -61.297462 	
41 	 1847.956665 	 44.955090 	 -64.153831 	
42 	 1577.524048 	 51.138252 	 -66.898033 	
43 	 1359.375000 	 57.958046 	 -69.149086 	
44 	 1171.875000 	 65.830811 	 -71.125961 	
45 	 998.263855 	 75.791122 	 -73.066322 	
46 	 856.370239 	 86.974602 	 -74.750946 	
47 	 737.847229 	 99.488434 	 -76.175346 	
48 	 627.790161 	 115.480072 	 -77.490288 	
49 	 544.084778 	 131.741653 	 -78.573265 	
50 	 460.379456 	 153.920898 	 -79.566620 	
51 	 397.995270 	 176.380341 	 -80.373688 	
52 	 340.221771 	 204.371994 	 -81.128464 	
53 	 292.968750 	 235.308395 	 -81.756996 	
54 	 252.403839 	 270.869202 	 -82.296265 	
55 	 217.013885 	 310.703552 	 -82.710449 	
56 	 186.011902 	 360.559998 	 -83.138115 	
57 	 158.361496 	 420.703400 	 -83.531509 	
58 	 135.216339 	 489.244171 	 -83.864960 	
59 	 117.187500 	 560.702881 	 -84.124390 	
