IMPEDANCE MEASUREMENT 
5:35:07.729 PM 2026-10-06
Chamber temperature (K): 296.48
Chamber pressure (MPa): 152
Description: 	Default
Driving voltage (V): 0.01
Start freq (Hz): 1E+6
Stop freq (Hz): 1E+2
# freq steps: 60
Index #	Frequency (Hz)	Impedance (ohms)	Phase (degrees)
0 	 1000078.125000 	 18.495361 	 36.367111 	
1 	 857765.625000 	 17.591049 	 32.322304 	
2 	 735703.125000 	 16.882982 	 28.516390 	
3 	 630984.375000 	 16.325611 	 24.958328 	
4 	 541171.875000 	 15.890608 	 21.658262 	
5 	 464203.125000 	 15.569864 	 18.688047 	
6 	 398109.375000 	 15.320165 	 15.960254 	
7 	 341484.375000 	 15.130637 	 13.496796 	
8 	 292921.875000 	 14.995266 	 11.276271 	
9 	 251203.140625 	 14.893458 	 9.286762 	
10 	 215484.375000 	 14.823969 	 7.484619 	
11 	 184828.125000 	 14.769571 	 5.804842 	
12 	 158578.125000 	 14.744179 	 4.277685 	
13 	 135984.375000 	 14.739119 	 2.853274 	
14 	 116671.867187 	 14.737471 	 1.518004 	
15 	 100078.125000 	 14.756267 	 0.221616 	
16 	 85828.125000 	 14.784969 	 -1.034401 	
17 	 73640.625000 	 14.823152 	 -2.307081 	
18 	 63140.625000 	 14.878246 	 -3.583309 	
19 	 54140.625000 	 14.947363 	 -4.893673 	
20 	 46453.125000 	 15.032436 	 -6.270185 	
21 	 39890.625000 	 15.135983 	 -7.705848 	
22 	 34171.875000 	 15.264688 	 -9.272562 	
23 	 29296.875000 	 15.420049 	 -10.955045 	
24 	 25171.875000 	 15.605794 	 -12.737926 	
25 	 21609.375000 	 15.829404 	 -14.695286 	
26 	 18515.625000 	 16.102983 	 -16.841858 	
27 	 15890.625000 	 16.426277 	 -19.183826 	
28 	 13640.625000 	 16.824890 	 -21.736814 	
29 	 11671.875000 	 17.322065 	 -24.581255 	
30 	 10078.125000 	 17.888710 	 -27.440958 	
31 	 8578.125000 	 18.662003 	 -30.847721 	
32 	 7359.375488 	 19.578924 	 -34.295639 	
33 	 6328.125000 	 20.679047 	 -37.849762 	
34 	 5376.838379 	 22.162514 	 -41.774788 	
35 	 4641.543945 	 23.803289 	 -45.368649 	
36 	 3984.374756 	 25.868404 	 -49.074596 	
37 	 3421.875000 	 28.336645 	 -52.669739 	
38 	 2953.125000 	 31.200441 	 -55.978878 	
39 	 2527.573486 	 34.842117 	 -59.257366 	
40 	 2159.926514 	 39.228489 	 -62.422993 	
41 	 1847.956665 	 44.388344 	 -65.237503 	
42 	 1577.524048 	 50.549725 	 -67.794510 	
43 	 1359.375000 	 57.388378 	 -69.963547 	
44 	 1171.875000 	 65.276428 	 -71.965172 	
45 	 998.263855 	 75.226585 	 -73.769226 	
46 	 856.370239 	 86.429886 	 -75.367599 	
47 	 737.847229 	 98.891998 	 -76.706116 	
48 	 627.790161 	 114.832443 	 -77.954330 	
49 	 544.084778 	 131.089127 	 -78.932747 	
50 	 460.379456 	 153.211472 	 -79.963287 	
51 	 397.995270 	 175.635101 	 -80.728409 	
52 	 340.221771 	 203.580688 	 -81.451355 	
53 	 292.968750 	 234.434830 	 -82.047813 	
54 	 252.403839 	 269.962158 	 -82.567589 	
55 	 217.013885 	 309.722626 	 -82.948273 	
56 	 186.011902 	 359.554871 	 -83.360939 	
57 	 158.361496 	 419.531097 	 -83.737175 	
58 	 135.216339 	 487.964966 	 -84.050079 	
59 	 117.187500 	 559.514404 	 -84.299431 	
