IMPEDANCE MEASUREMENT 
4:20:03.374 PM 2026-10-06
Chamber temperature (K): 296.4
Chamber pressure (MPa): 26.18
Description: 	Default
Driving voltage (V): 0.01
Start freq (Hz): 1E+6
Stop freq (Hz): 1E+2
# freq steps: 60
Index #	Frequency (Hz)	Impedance (ohms)	Phase (degrees)
0 	 1000078.125000 	 18.849916 	 35.604301 	
1 	 857765.625000 	 17.964569 	 31.614380 	
2 	 735703.125000 	 17.267744 	 27.848356 	
3 	 630984.375000 	 16.721514 	 24.314198 	
4 	 541171.875000 	 16.308273 	 21.113222 	
5 	 464203.125000 	 15.987873 	 18.182951 	
6 	 398109.375000 	 15.746019 	 15.514487 	
7 	 341484.375000 	 15.565313 	 13.117862 	
8 	 292921.875000 	 15.432013 	 10.937494 	
9 	 251203.140625 	 15.332448 	 9.001595 	
10 	 215484.375000 	 15.263022 	 7.232903 	
11 	 184828.125000 	 15.216695 	 5.636071 	
12 	 158578.125000 	 15.195340 	 4.139283 	
13 	 135984.375000 	 15.189057 	 2.758352 	
14 	 116671.867187 	 15.184687 	 1.453962 	
15 	 100078.125000 	 15.204988 	 0.186436 	
16 	 85828.125000 	 15.236087 	 -1.053957 	
17 	 73640.625000 	 15.272346 	 -2.268449 	
18 	 63140.625000 	 15.331884 	 -3.525029 	
19 	 54140.625000 	 15.397547 	 -4.815342 	
20 	 46453.125000 	 15.485778 	 -6.158019 	
21 	 39890.625000 	 15.590279 	 -7.573610 	
22 	 34171.875000 	 15.720062 	 -9.098219 	
23 	 29296.875000 	 15.871818 	 -10.750220 	
24 	 25171.875000 	 16.058966 	 -12.494309 	
25 	 21609.375000 	 16.281834 	 -14.425863 	
26 	 18515.625000 	 16.554796 	 -16.541525 	
27 	 15890.625000 	 16.885963 	 -18.828402 	
28 	 13640.625000 	 17.285767 	 -21.348022 	
29 	 11671.875000 	 17.778582 	 -24.139433 	
30 	 10078.125000 	 18.353474 	 -26.977852 	
31 	 8578.125000 	 19.124319 	 -30.353872 	
32 	 7359.375488 	 20.033812 	 -33.747021 	
33 	 6328.125000 	 21.135958 	 -37.270016 	
34 	 5376.838379 	 22.617243 	 -41.159435 	
35 	 4641.543945 	 24.261520 	 -44.749699 	
36 	 3984.374756 	 26.315184 	 -48.463390 	
37 	 3421.875000 	 28.806358 	 -52.070187 	
38 	 2953.125000 	 31.694752 	 -55.432281 	
39 	 2527.573486 	 35.331928 	 -58.727966 	
40 	 2159.926514 	 39.720207 	 -61.846397 	
41 	 1847.956665 	 44.895412 	 -64.709244 	
42 	 1577.524048 	 51.076180 	 -67.348557 	
43 	 1359.375000 	 57.920792 	 -69.544090 	
44 	 1171.875000 	 65.867104 	 -71.531143 	
45 	 998.263855 	 75.883698 	 -73.442589 	
46 	 856.370239 	 87.166985 	 -75.062531 	
47 	 737.847229 	 99.695198 	 -76.390045 	
48 	 627.790161 	 115.667976 	 -77.692596 	
49 	 544.084778 	 131.996094 	 -78.660362 	
50 	 460.379456 	 154.257202 	 -79.701515 	
51 	 397.995270 	 176.761826 	 -80.487541 	
52 	 340.221771 	 204.838318 	 -81.218811 	
53 	 292.968750 	 235.844833 	 -81.822563 	
54 	 252.403839 	 271.505524 	 -82.350288 	
55 	 217.013885 	 311.223419 	 -82.743736 	
56 	 186.011902 	 361.131378 	 -83.162384 	
57 	 158.361496 	 421.502106 	 -83.543388 	
58 	 135.216339 	 490.123596 	 -83.866203 	
59 	 117.187500 	 561.824219 	 -84.111244 	
