IMPEDANCE MEASUREMENT 
2:00:56.010 PM 2026-10-06
Chamber temperature (K): 296.32
Chamber pressure (MPa): 1.97
Description: 	Default
Driving voltage (V): 0.01
Start freq (Hz): 1E+6
Stop freq (Hz): 1E+2
# freq steps: 60
Index #	Frequency (Hz)	Impedance (ohms)	Phase (degrees)
0 	 1000078.125000 	 19.438038 	 34.208179 	
1 	 857765.625000 	 18.572121 	 30.318346 	
2 	 735703.125000 	 17.896898 	 26.619619 	
3 	 630984.375000 	 17.375362 	 23.234297 	
4 	 541171.875000 	 16.975555 	 20.088348 	
5 	 464203.125000 	 16.668106 	 17.268127 	
6 	 398109.375000 	 16.433733 	 14.706511 	
7 	 341484.375000 	 16.267084 	 12.388535 	
8 	 292921.875000 	 16.142021 	 10.315145 	
9 	 251203.140625 	 16.048595 	 8.421309 	
10 	 215484.375000 	 15.976480 	 6.708368 	
11 	 184828.125000 	 15.939465 	 5.166743 	
12 	 158578.125000 	 15.913369 	 3.739790 	
13 	 135984.375000 	 15.917304 	 2.378012 	
14 	 116671.867187 	 15.926449 	 1.089795 	
15 	 100078.125000 	 15.942958 	 -0.141247 	
16 	 85828.125000 	 15.978914 	 -1.371120 	
17 	 73640.625000 	 16.023623 	 -2.588783 	
18 	 63140.625000 	 16.088671 	 -3.822286 	
19 	 54140.625000 	 16.163267 	 -5.115579 	
20 	 46453.125000 	 16.259874 	 -6.456847 	
21 	 39890.625000 	 16.379112 	 -7.881417 	
22 	 34171.875000 	 16.528265 	 -9.426237 	
23 	 29296.875000 	 16.703798 	 -11.096292 	
24 	 25171.875000 	 16.915157 	 -12.835474 	
25 	 21609.375000 	 17.165073 	 -14.750769 	
26 	 18515.625000 	 17.478205 	 -16.866415 	
27 	 15890.625000 	 17.839943 	 -19.128944 	
28 	 13640.625000 	 18.285772 	 -21.599962 	
29 	 11671.875000 	 18.833515 	 -24.327505 	
30 	 10078.125000 	 19.459433 	 -27.097218 	
31 	 8578.125000 	 20.289768 	 -30.346766 	
32 	 7359.375488 	 21.268141 	 -33.642651 	
33 	 6328.125000 	 22.446539 	 -37.030617 	
34 	 5376.838379 	 23.997419 	 -40.808426 	
35 	 4641.543945 	 25.704775 	 -44.280231 	
36 	 3984.374756 	 27.857647 	 -47.848492 	
37 	 3421.875000 	 30.436430 	 -51.341148 	
38 	 2953.125000 	 33.411331 	 -54.660259 	
39 	 2527.573486 	 37.190285 	 -57.921638 	
40 	 2159.926514 	 41.696354 	 -60.996113 	
41 	 1847.956665 	 47.017395 	 -63.875858 	
42 	 1577.524048 	 53.394829 	 -66.446083 	
43 	 1359.375000 	 60.409439 	 -68.657974 	
44 	 1171.875000 	 68.561119 	 -70.655243 	
45 	 998.263855 	 78.888130 	 -72.543442 	
46 	 856.370239 	 90.315842 	 -74.184593 	
47 	 737.847229 	 103.220703 	 -75.505028 	
48 	 627.790161 	 119.635490 	 -76.875290 	
49 	 544.084778 	 136.392517 	 -77.815796 	
50 	 460.379456 	 159.003693 	 -78.924568 	
51 	 397.995270 	 181.996368 	 -79.723549 	
52 	 340.221771 	 210.604996 	 -80.484871 	
53 	 292.968750 	 242.169418 	 -81.115250 	
54 	 252.403839 	 278.499695 	 -81.666267 	
55 	 217.013885 	 318.850952 	 -82.079094 	
56 	 186.011902 	 369.739380 	 -82.518684 	
57 	 158.361496 	 430.873291 	 -82.913994 	
58 	 135.216339 	 500.538025 	 -83.257713 	
59 	 117.187500 	 573.112366 	 -83.519409 	
