IMPEDANCE MEASUREMENT 
4:38:05.504 PM 2026-10-06
Chamber temperature (K): 296.43
Chamber pressure (MPa): 73.47
Description: 	Default
Driving voltage (V): 0.01
Start freq (Hz): 1E+6
Stop freq (Hz): 1E+2
# freq steps: 60
Index #	Frequency (Hz)	Impedance (ohms)	Phase (degrees)
0 	 1000078.125000 	 18.586809 	 36.199276 	
1 	 857765.625000 	 17.676077 	 32.160313 	
2 	 735703.125000 	 16.973618 	 28.350700 	
3 	 630984.375000 	 16.420509 	 24.805479 	
4 	 541171.875000 	 16.010712 	 21.523699 	
5 	 464203.125000 	 15.675544 	 18.549160 	
6 	 398109.375000 	 15.428481 	 15.849860 	
7 	 341484.375000 	 15.234583 	 13.392713 	
8 	 292921.875000 	 15.107149 	 11.194163 	
9 	 251203.140625 	 15.007483 	 9.192159 	
10 	 215484.375000 	 14.937943 	 7.380408 	
11 	 184828.125000 	 14.887341 	 5.749791 	
12 	 158578.125000 	 14.865992 	 4.212594 	
13 	 135984.375000 	 14.853386 	 2.819678 	
14 	 116671.867187 	 14.860140 	 1.463945 	
15 	 100078.125000 	 14.873956 	 0.171981 	
16 	 85828.125000 	 14.903265 	 -1.087710 	
17 	 73640.625000 	 14.941868 	 -2.334651 	
18 	 63140.625000 	 15.000635 	 -3.635061 	
19 	 54140.625000 	 15.068447 	 -4.946700 	
20 	 46453.125000 	 15.157710 	 -6.328240 	
21 	 39890.625000 	 15.265074 	 -7.760504 	
22 	 34171.875000 	 15.392754 	 -9.341212 	
23 	 29296.875000 	 15.553102 	 -11.015255 	
24 	 25171.875000 	 15.739578 	 -12.819868 	
25 	 21609.375000 	 15.962842 	 -14.783296 	
26 	 18515.625000 	 16.244898 	 -16.962690 	
27 	 15890.625000 	 16.576424 	 -19.297298 	
28 	 13640.625000 	 16.982489 	 -21.856377 	
29 	 11671.875000 	 17.489752 	 -24.711479 	
30 	 10078.125000 	 18.070503 	 -27.606808 	
31 	 8578.125000 	 18.856092 	 -31.022314 	
32 	 7359.375488 	 19.785025 	 -34.473145 	
33 	 6328.125000 	 20.914730 	 -38.036137 	
34 	 5376.838379 	 22.428503 	 -41.953995 	
35 	 4641.543945 	 24.097891 	 -45.543835 	
36 	 3984.374756 	 26.196671 	 -49.213440 	
37 	 3421.875000 	 28.723717 	 -52.803398 	
38 	 2953.125000 	 31.660351 	 -56.091080 	
39 	 2527.573486 	 35.344173 	 -59.414066 	
40 	 2159.926514 	 39.779446 	 -62.482864 	
41 	 1847.956665 	 45.057362 	 -65.247139 	
42 	 1577.524048 	 51.292183 	 -67.831970 	
43 	 1359.375000 	 58.195408 	 -69.990593 	
44 	 1171.875000 	 66.202751 	 -71.922661 	
45 	 998.263855 	 76.289261 	 -73.727127 	
46 	 856.370239 	 87.631432 	 -75.337212 	
47 	 737.847229 	 100.443367 	 -76.651718 	
48 	 627.790161 	 116.483505 	 -77.918030 	
49 	 544.084778 	 132.813004 	 -78.879868 	
50 	 460.379456 	 155.321167 	 -79.871368 	
51 	 397.995270 	 178.005402 	 -80.620834 	
52 	 340.221771 	 206.268326 	 -81.334076 	
53 	 292.968750 	 237.511307 	 -81.926315 	
54 	 252.403839 	 273.417786 	 -82.439575 	
55 	 217.013885 	 313.585541 	 -82.813461 	
56 	 186.011902 	 363.849640 	 -83.218796 	
57 	 158.361496 	 424.505585 	 -83.591309 	
58 	 135.216339 	 493.686218 	 -83.899437 	
59 	 117.187500 	 565.801270 	 -84.144936 	
