IMPEDANCE MEASUREMENT 
5:06:04.391 PM 2026-10-06
Chamber temperature (K): 296.47
Chamber pressure (MPa): 151.35
Description: 	Default
Driving voltage (V): 0.01
Start freq (Hz): 1E+6
Stop freq (Hz): 1E+2
# freq steps: 60
Index #	Frequency (Hz)	Impedance (ohms)	Phase (degrees)
0 	 1000078.125000 	 18.360914 	 36.672745 	
1 	 857765.625000 	 17.455593 	 32.649483 	
2 	 735703.125000 	 16.737097 	 28.797945 	
3 	 630984.375000 	 16.179188 	 25.209591 	
4 	 541171.875000 	 15.756197 	 21.884163 	
5 	 464203.125000 	 15.422805 	 18.873770 	
6 	 398109.375000 	 15.168915 	 16.119869 	
7 	 341484.375000 	 14.979877 	 13.632713 	
8 	 292921.875000 	 14.841012 	 11.409142 	
9 	 251203.140625 	 14.737336 	 9.375982 	
10 	 215484.375000 	 14.672041 	 7.525055 	
11 	 184828.125000 	 14.618577 	 5.870630 	
12 	 158578.125000 	 14.596847 	 4.309579 	
13 	 135984.375000 	 14.580968 	 2.885422 	
14 	 116671.867187 	 14.584936 	 1.505768 	
15 	 100078.125000 	 14.605575 	 0.215968 	
16 	 85828.125000 	 14.629890 	 -1.071754 	
17 	 73640.625000 	 14.673125 	 -2.352385 	
18 	 63140.625000 	 14.726447 	 -3.646838 	
19 	 54140.625000 	 14.797164 	 -4.985263 	
20 	 46453.125000 	 14.884097 	 -6.368449 	
21 	 39890.625000 	 14.987952 	 -7.826006 	
22 	 34171.875000 	 15.119829 	 -9.408169 	
23 	 29296.875000 	 15.277561 	 -11.112540 	
24 	 25171.875000 	 15.465977 	 -12.919530 	
25 	 21609.375000 	 15.689918 	 -14.916514 	
26 	 18515.625000 	 15.968102 	 -17.102612 	
27 	 15890.625000 	 16.295610 	 -19.468332 	
28 	 13640.625000 	 16.700155 	 -22.057945 	
29 	 11671.875000 	 17.204874 	 -24.925339 	
30 	 10078.125000 	 17.783541 	 -27.839447 	
31 	 8578.125000 	 18.573658 	 -31.275349 	
32 	 7359.375488 	 19.499769 	 -34.750572 	
33 	 6328.125000 	 20.625273 	 -38.308884 	
34 	 5376.838379 	 22.125860 	 -42.242069 	
35 	 4641.543945 	 23.792439 	 -45.839523 	
36 	 3984.374756 	 25.878477 	 -49.541321 	
37 	 3421.875000 	 28.395004 	 -53.107002 	
38 	 2953.125000 	 31.298731 	 -56.420433 	
39 	 2527.573486 	 34.992149 	 -59.691864 	
40 	 2159.926514 	 39.424492 	 -62.715828 	
41 	 1847.956665 	 44.617157 	 -65.537674 	
42 	 1577.524048 	 50.821358 	 -68.031914 	
43 	 1359.375000 	 57.736805 	 -70.207283 	
44 	 1171.875000 	 65.689865 	 -72.125359 	
45 	 998.263855 	 75.761528 	 -73.989517 	
46 	 856.370239 	 86.994072 	 -75.512794 	
47 	 737.847229 	 99.707039 	 -76.801735 	
48 	 627.790161 	 115.700821 	 -78.080231 	
49 	 544.084778 	 132.038101 	 -79.094620 	
50 	 460.379456 	 154.329468 	 -80.008018 	
51 	 397.995270 	 176.927261 	 -80.759689 	
52 	 340.221771 	 205.039612 	 -81.461243 	
53 	 292.968750 	 236.140350 	 -82.044716 	
54 	 252.403839 	 271.878082 	 -82.559433 	
55 	 217.013885 	 311.862579 	 -82.931610 	
56 	 186.011902 	 361.952148 	 -83.329811 	
57 	 158.361496 	 422.389191 	 -83.695747 	
58 	 135.216339 	 491.237274 	 -84.006271 	
59 	 117.187500 	 563.138428 	 -84.243980 	
