IMPEDANCE MEASUREMENT 
3:16:33.476 PM 2026-10-06
Chamber temperature (K): 296.4
Chamber pressure (MPa): 175.62
Description: 	Default
Driving voltage (V): 0.01
Start freq (Hz): 1E+6
Stop freq (Hz): 1E+2
# freq steps: 60
Index #	Frequency (Hz)	Impedance (ohms)	Phase (degrees)
0 	 1000078.125000 	 18.361452 	 36.735771 	
1 	 857765.625000 	 17.447281 	 32.680569 	
2 	 735703.125000 	 16.733227 	 28.856392 	
3 	 630984.375000 	 16.171366 	 25.274879 	
4 	 541171.875000 	 15.741615 	 21.960430 	
5 	 464203.125000 	 15.404498 	 18.945009 	
6 	 398109.375000 	 15.158544 	 16.145493 	
7 	 341484.375000 	 14.965247 	 13.686094 	
8 	 292921.875000 	 14.831704 	 11.436155 	
9 	 251203.140625 	 14.733595 	 9.435749 	
10 	 215484.375000 	 14.655185 	 7.587289 	
11 	 184828.125000 	 14.611725 	 5.918379 	
12 	 158578.125000 	 14.581250 	 4.373803 	
13 	 135984.375000 	 14.574299 	 2.932596 	
14 	 116671.867187 	 14.568479 	 1.580459 	
15 	 100078.125000 	 14.587968 	 0.289662 	
16 	 85828.125000 	 14.615627 	 -0.993318 	
17 	 73640.625000 	 14.652235 	 -2.259199 	
18 	 63140.625000 	 14.709279 	 -3.545793 	
19 	 54140.625000 	 14.777109 	 -4.871023 	
20 	 46453.125000 	 14.863726 	 -6.246717 	
21 	 39890.625000 	 14.961741 	 -7.688229 	
22 	 34171.875000 	 15.093072 	 -9.252056 	
23 	 29296.875000 	 15.247175 	 -10.937287 	
24 	 25171.875000 	 15.427321 	 -12.724488 	
25 	 21609.375000 	 15.646820 	 -14.674685 	
26 	 18515.625000 	 15.916992 	 -16.846428 	
27 	 15890.625000 	 16.241648 	 -19.194239 	
28 	 13640.625000 	 16.634630 	 -21.739922 	
29 	 11671.875000 	 17.128576 	 -24.581614 	
30 	 10078.125000 	 17.688219 	 -27.476336 	
31 	 8578.125000 	 18.452229 	 -30.878979 	
32 	 7359.375488 	 19.361965 	 -34.337727 	
33 	 6328.125000 	 20.453342 	 -37.891254 	
34 	 5376.838379 	 21.923466 	 -41.818909 	
35 	 4641.543945 	 23.552818 	 -45.423500 	
36 	 3984.374756 	 25.590096 	 -49.118488 	
37 	 3421.875000 	 28.053232 	 -52.685974 	
38 	 2953.125000 	 30.910690 	 -56.041153 	
39 	 2527.573486 	 34.495800 	 -59.337311 	
40 	 2159.926514 	 38.841274 	 -62.420902 	
41 	 1847.956665 	 43.941242 	 -65.224876 	
42 	 1577.524048 	 50.038406 	 -67.821007 	
43 	 1359.375000 	 56.764782 	 -70.002800 	
44 	 1171.875000 	 64.655716 	 -71.911697 	
45 	 998.263855 	 74.521187 	 -73.790001 	
46 	 856.370239 	 85.522469 	 -75.359795 	
47 	 737.847229 	 97.990860 	 -76.715134 	
48 	 627.790161 	 113.707298 	 -77.986664 	
49 	 544.084778 	 129.953049 	 -78.902954 	
50 	 460.379456 	 151.723907 	 -79.937263 	
51 	 397.995270 	 173.915787 	 -80.697777 	
52 	 340.221771 	 201.561432 	 -81.413139 	
53 	 292.968750 	 232.099472 	 -82.009476 	
54 	 252.403839 	 267.239838 	 -82.520493 	
55 	 217.013885 	 306.270477 	 -82.903038 	
56 	 186.011902 	 355.538361 	 -83.313469 	
57 	 158.361496 	 414.959747 	 -83.683228 	
58 	 135.216339 	 482.690094 	 -84.000938 	
59 	 117.187500 	 553.446228 	 -84.226303 	
