IMPEDANCE MEASUREMENT 
5:48:33.873 PM 2026-10-06
Chamber temperature (K): 296.45
Chamber pressure (MPa): 101.9
Description: 	Default
Driving voltage (V): 0.01
Start freq (Hz): 1E+6
Stop freq (Hz): 1E+2
# freq steps: 60
Index #	Frequency (Hz)	Impedance (ohms)	Phase (degrees)
0 	 1000078.125000 	 18.633207 	 36.081532 	
1 	 857765.625000 	 17.729416 	 32.047977 	
2 	 735703.125000 	 17.028854 	 28.245190 	
3 	 630984.375000 	 16.475452 	 24.702883 	
4 	 541171.875000 	 16.047554 	 21.450108 	
5 	 464203.125000 	 15.727049 	 18.483959 	
6 	 398109.375000 	 15.476422 	 15.800366 	
7 	 341484.375000 	 15.287851 	 13.353461 	
8 	 292921.875000 	 15.156670 	 11.132637 	
9 	 251203.140625 	 15.055840 	 9.178056 	
10 	 215484.375000 	 14.986829 	 7.354089 	
11 	 184828.125000 	 14.942009 	 5.721921 	
12 	 158578.125000 	 14.913713 	 4.215529 	
13 	 135984.375000 	 14.899089 	 2.798813 	
14 	 116671.867187 	 14.900748 	 1.497729 	
15 	 100078.125000 	 14.920820 	 0.201386 	
16 	 85828.125000 	 14.951230 	 -1.048965 	
17 	 73640.625000 	 14.990105 	 -2.306198 	
18 	 63140.625000 	 15.043666 	 -3.581285 	
19 	 54140.625000 	 15.112242 	 -4.878356 	
20 	 46453.125000 	 15.198332 	 -6.243214 	
21 	 39890.625000 	 15.303288 	 -7.664758 	
22 	 34171.875000 	 15.435220 	 -9.214790 	
23 	 29296.875000 	 15.587891 	 -10.886734 	
24 	 25171.875000 	 15.773195 	 -12.655757 	
25 	 21609.375000 	 15.998608 	 -14.618942 	
26 	 18515.625000 	 16.269140 	 -16.745476 	
27 	 15890.625000 	 16.598879 	 -19.066366 	
28 	 13640.625000 	 17.001287 	 -21.607944 	
29 	 11671.875000 	 17.492287 	 -24.427242 	
30 	 10078.125000 	 18.058783 	 -27.286642 	
31 	 8578.125000 	 18.832510 	 -30.676336 	
32 	 7359.375488 	 19.743635 	 -34.101208 	
33 	 6328.125000 	 20.857159 	 -37.647224 	
34 	 5376.838379 	 22.327314 	 -41.571854 	
35 	 4641.543945 	 23.972113 	 -45.144650 	
36 	 3984.374756 	 26.035011 	 -48.833126 	
37 	 3421.875000 	 28.526981 	 -52.468372 	
38 	 2953.125000 	 31.411757 	 -55.809891 	
39 	 2527.573486 	 35.038292 	 -59.093517 	
40 	 2159.926514 	 39.414047 	 -62.235126 	
41 	 1847.956665 	 44.601421 	 -65.048668 	
42 	 1577.524048 	 50.765198 	 -67.627556 	
43 	 1359.375000 	 57.568714 	 -69.812088 	
44 	 1171.875000 	 65.488716 	 -71.827347 	
45 	 998.263855 	 75.520004 	 -73.676117 	
46 	 856.370239 	 86.732010 	 -75.248650 	
47 	 737.847229 	 99.271667 	 -76.597000 	
48 	 627.790161 	 115.137497 	 -77.869209 	
49 	 544.084778 	 131.525665 	 -78.900597 	
50 	 460.379456 	 153.677338 	 -79.889992 	
51 	 397.995270 	 176.157532 	 -80.662758 	
52 	 340.221771 	 204.155777 	 -81.390114 	
53 	 292.968750 	 235.108261 	 -81.990440 	
54 	 252.403839 	 270.712738 	 -82.518112 	
55 	 217.013885 	 310.640106 	 -82.902229 	
56 	 186.011902 	 360.536407 	 -83.321198 	
57 	 158.361496 	 420.707977 	 -83.696396 	
58 	 135.216339 	 489.277893 	 -84.013931 	
59 	 117.187500 	 560.747803 	 -84.251968 	
