IMPEDANCE MEASUREMENT 
5:52:02.700 PM 2026-10-06
Chamber temperature (K): 296.45
Chamber pressure (MPa): 77.33
Description: 	Default
Driving voltage (V): 0.01
Start freq (Hz): 1E+6
Stop freq (Hz): 1E+2
# freq steps: 60
Index #	Frequency (Hz)	Impedance (ohms)	Phase (degrees)
0 	 1000078.125000 	 18.771248 	 35.741093 	
1 	 857765.625000 	 17.897989 	 31.730047 	
2 	 735703.125000 	 17.181360 	 27.940212 	
3 	 630984.375000 	 16.640633 	 24.423071 	
4 	 541171.875000 	 16.224251 	 21.206789 	
5 	 464203.125000 	 15.904241 	 18.258087 	
6 	 398109.375000 	 15.660007 	 15.613967 	
7 	 341484.375000 	 15.474872 	 13.182279 	
8 	 292921.875000 	 15.340606 	 11.022734 	
9 	 251203.140625 	 15.237343 	 9.076694 	
10 	 215484.375000 	 15.170971 	 7.272521 	
11 	 184828.125000 	 15.127394 	 5.638687 	
12 	 158578.125000 	 15.096408 	 4.138881 	
13 	 135984.375000 	 15.089537 	 2.784713 	
14 	 116671.867187 	 15.089630 	 1.426283 	
15 	 100078.125000 	 15.106451 	 0.186288 	
16 	 85828.125000 	 15.133920 	 -1.052566 	
17 	 73640.625000 	 15.174582 	 -2.292548 	
18 	 63140.625000 	 15.230893 	 -3.552474 	
19 	 54140.625000 	 15.297742 	 -4.860501 	
20 	 46453.125000 	 15.380130 	 -6.195422 	
21 	 39890.625000 	 15.487801 	 -7.605632 	
22 	 34171.875000 	 15.620635 	 -9.169918 	
23 	 29296.875000 	 15.771317 	 -10.801948 	
24 	 25171.875000 	 15.955717 	 -12.564392 	
25 	 21609.375000 	 16.183741 	 -14.500692 	
26 	 18515.625000 	 16.452337 	 -16.624325 	
27 	 15890.625000 	 16.784063 	 -18.934282 	
28 	 13640.625000 	 17.182783 	 -21.451925 	
29 	 11671.875000 	 17.676727 	 -24.250221 	
30 	 10078.125000 	 18.248062 	 -27.102839 	
31 	 8578.125000 	 19.016039 	 -30.477579 	
32 	 7359.375488 	 19.932898 	 -33.903664 	
33 	 6328.125000 	 21.038548 	 -37.415176 	
34 	 5376.838379 	 22.512547 	 -41.320282 	
35 	 4641.543945 	 24.154909 	 -44.916763 	
36 	 3984.374756 	 26.207666 	 -48.627876 	
37 	 3421.875000 	 28.708206 	 -52.227440 	
38 	 2953.125000 	 31.586647 	 -55.607594 	
39 	 2527.573486 	 35.244061 	 -58.942051 	
40 	 2159.926514 	 39.608070 	 -62.028248 	
41 	 1847.956665 	 44.768692 	 -64.876480 	
42 	 1577.524048 	 51.009560 	 -67.497581 	
43 	 1359.375000 	 57.809486 	 -69.697586 	
44 	 1171.875000 	 65.756012 	 -71.667961 	
45 	 998.263855 	 75.793709 	 -73.534088 	
46 	 856.370239 	 86.967201 	 -75.140808 	
47 	 737.847229 	 99.677437 	 -76.512451 	
48 	 627.790161 	 115.605049 	 -77.824883 	
49 	 544.084778 	 132.034775 	 -78.792755 	
50 	 460.379456 	 154.171082 	 -79.823257 	
51 	 397.995270 	 176.723404 	 -80.603050 	
52 	 340.221771 	 204.801056 	 -81.333611 	
53 	 292.968750 	 235.830414 	 -81.944000 	
54 	 252.403839 	 271.550537 	 -82.467606 	
55 	 217.013885 	 311.625549 	 -82.856384 	
56 	 186.011902 	 361.622009 	 -83.278915 	
57 	 158.361496 	 421.935913 	 -83.663139 	
58 	 135.216339 	 490.631897 	 -83.981247 	
59 	 117.187500 	 562.574097 	 -84.225174 	
