IMPEDANCE MEASUREMENT 
5:43:55.763 PM 2026-10-06
Chamber temperature (K): 296.46
Chamber pressure (MPa): 124.35
Description: 	Default
Driving voltage (V): 0.01
Start freq (Hz): 1E+6
Stop freq (Hz): 1E+2
# freq steps: 60
Index #	Frequency (Hz)	Impedance (ohms)	Phase (degrees)
0 	 1000078.125000 	 18.522512 	 36.231209 	
1 	 857765.625000 	 17.631348 	 32.228916 	
2 	 735703.125000 	 16.908627 	 28.425049 	
3 	 630984.375000 	 16.372795 	 24.879475 	
4 	 541171.875000 	 15.938466 	 21.606091 	
5 	 464203.125000 	 15.612284 	 18.605713 	
6 	 398109.375000 	 15.366748 	 15.917389 	
7 	 341484.375000 	 15.175488 	 13.448928 	
8 	 292921.875000 	 15.041942 	 11.242169 	
9 	 251203.140625 	 14.942299 	 9.251953 	
10 	 215484.375000 	 14.867366 	 7.419776 	
11 	 184828.125000 	 14.825128 	 5.776591 	
12 	 158578.125000 	 14.787559 	 4.256806 	
13 	 135984.375000 	 14.781350 	 2.835835 	
14 	 116671.867187 	 14.784501 	 1.530914 	
15 	 100078.125000 	 14.802845 	 0.223059 	
16 	 85828.125000 	 14.831878 	 -1.035287 	
17 	 73640.625000 	 14.871448 	 -2.305021 	
18 	 63140.625000 	 14.927401 	 -3.582232 	
19 	 54140.625000 	 14.994220 	 -4.901524 	
20 	 46453.125000 	 15.079811 	 -6.266190 	
21 	 39890.625000 	 15.183240 	 -7.695824 	
22 	 34171.875000 	 15.314132 	 -9.273292 	
23 	 29296.875000 	 15.471269 	 -10.930134 	
24 	 25171.875000 	 15.657167 	 -12.704175 	
25 	 21609.375000 	 15.879003 	 -14.656357 	
26 	 18515.625000 	 16.150843 	 -16.825842 	
27 	 15890.625000 	 16.476192 	 -19.150972 	
28 	 13640.625000 	 16.875351 	 -21.688751 	
29 	 11671.875000 	 17.369724 	 -24.513256 	
30 	 10078.125000 	 17.942842 	 -27.387323 	
31 	 8578.125000 	 18.713829 	 -30.790054 	
32 	 7359.375488 	 19.625246 	 -34.224262 	
33 	 6328.125000 	 20.727043 	 -37.763237 	
34 	 5376.838379 	 22.210508 	 -41.692883 	
35 	 4641.543945 	 23.844694 	 -45.278698 	
36 	 3984.374756 	 25.911091 	 -48.990265 	
37 	 3421.875000 	 28.379173 	 -52.573238 	
38 	 2953.125000 	 31.262850 	 -55.920979 	
39 	 2527.573486 	 34.884926 	 -59.265350 	
40 	 2159.926514 	 39.270657 	 -62.343292 	
41 	 1847.956665 	 44.414192 	 -65.159698 	
42 	 1577.524048 	 50.608795 	 -67.719444 	
43 	 1359.375000 	 57.381405 	 -69.922745 	
44 	 1171.875000 	 65.298958 	 -71.851402 	
45 	 998.263855 	 75.269005 	 -73.740768 	
46 	 856.370239 	 86.444420 	 -75.245224 	
47 	 737.847229 	 99.047791 	 -76.711845 	
48 	 627.790161 	 114.983170 	 -77.897354 	
49 	 544.084778 	 131.030182 	 -78.940773 	
50 	 460.379456 	 153.239548 	 -79.931297 	
51 	 397.995270 	 175.654327 	 -80.699234 	
52 	 340.221771 	 203.582397 	 -81.418991 	
53 	 292.968750 	 234.454865 	 -82.022820 	
54 	 252.403839 	 269.948242 	 -82.540749 	
55 	 217.013885 	 309.753662 	 -82.921043 	
56 	 186.011902 	 359.542236 	 -83.336746 	
57 	 158.361496 	 419.513336 	 -83.715370 	
58 	 135.216339 	 487.938660 	 -84.031693 	
59 	 117.187500 	 559.440491 	 -84.286743 	
