IMPEDANCE MEASUREMENT 
4:00:44.097 PM 2026-10-06
Chamber temperature (K): 296.4
Chamber pressure (MPa): 76.42
Description: 	Default
Driving voltage (V): 0.01
Start freq (Hz): 1E+6
Stop freq (Hz): 1E+2
# freq steps: 60
Index #	Frequency (Hz)	Impedance (ohms)	Phase (degrees)
0 	 1000078.125000 	 18.657730 	 35.982925 	
1 	 857765.625000 	 17.770290 	 31.967823 	
2 	 735703.125000 	 17.070948 	 28.178686 	
3 	 630984.375000 	 16.521641 	 24.667007 	
4 	 541171.875000 	 16.100574 	 21.407043 	
5 	 464203.125000 	 15.779280 	 18.437098 	
6 	 398109.375000 	 15.529375 	 15.754455 	
7 	 341484.375000 	 15.349789 	 13.326446 	
8 	 292921.875000 	 15.210756 	 11.150860 	
9 	 251203.140625 	 15.106782 	 9.139414 	
10 	 215484.375000 	 15.033885 	 7.383586 	
11 	 184828.125000 	 14.994051 	 5.758837 	
12 	 158578.125000 	 14.968754 	 4.240897 	
13 	 135984.375000 	 14.953756 	 2.827801 	
14 	 116671.867187 	 14.951167 	 1.493166 	
15 	 100078.125000 	 14.971521 	 0.262386 	
16 	 85828.125000 	 15.000548 	 -0.980154 	
17 	 73640.625000 	 15.037986 	 -2.210490 	
18 	 63140.625000 	 15.091275 	 -3.475277 	
19 	 54140.625000 	 15.159161 	 -4.757241 	
20 	 46453.125000 	 15.242925 	 -6.100781 	
21 	 39890.625000 	 15.346791 	 -7.519538 	
22 	 34171.875000 	 15.473373 	 -9.044018 	
23 	 29296.875000 	 15.627747 	 -10.685895 	
24 	 25171.875000 	 15.806768 	 -12.437125 	
25 	 21609.375000 	 16.023354 	 -14.339902 	
26 	 18515.625000 	 16.293289 	 -16.464802 	
27 	 15890.625000 	 16.614910 	 -18.763287 	
28 	 13640.625000 	 17.002678 	 -21.262779 	
29 	 11671.875000 	 17.483948 	 -24.049437 	
30 	 10078.125000 	 18.040869 	 -26.894554 	
31 	 8578.125000 	 18.797037 	 -30.236996 	
32 	 7359.375488 	 19.691406 	 -33.633690 	
33 	 6328.125000 	 20.767260 	 -37.172165 	
34 	 5376.838379 	 22.215284 	 -41.083469 	
35 	 4641.543945 	 23.810545 	 -44.660465 	
36 	 3984.374756 	 25.841509 	 -48.368599 	
37 	 3421.875000 	 28.274122 	 -51.991428 	
38 	 2953.125000 	 31.076685 	 -55.341866 	
39 	 2527.573486 	 34.638828 	 -58.728859 	
40 	 2159.926514 	 38.968136 	 -61.855778 	
41 	 1847.956665 	 44.032215 	 -64.715919 	
42 	 1577.524048 	 50.109791 	 -67.362343 	
43 	 1359.375000 	 56.810577 	 -69.559906 	
44 	 1171.875000 	 64.597260 	 -71.593056 	
45 	 998.263855 	 74.435707 	 -73.436180 	
46 	 856.370239 	 85.502121 	 -75.098747 	
47 	 737.847229 	 97.838081 	 -76.448967 	
48 	 627.790161 	 113.582161 	 -77.760384 	
49 	 544.084778 	 129.673248 	 -78.775299 	
50 	 460.379456 	 151.429504 	 -79.799072 	
51 	 397.995270 	 173.569580 	 -80.584801 	
52 	 340.221771 	 201.164917 	 -81.327484 	
53 	 292.968750 	 231.654846 	 -81.933983 	
54 	 252.403839 	 266.736572 	 -82.467140 	
55 	 217.013885 	 307.781250 	 -82.940216 	
56 	 186.011902 	 355.041565 	 -83.284477 	
57 	 158.361496 	 414.432129 	 -83.673851 	
58 	 135.216339 	 482.012787 	 -83.995346 	
59 	 117.187500 	 552.564331 	 -84.255196 	
