IMPEDANCE MEASUREMENT 
5:46:47.232 PM 2026-10-06
Chamber temperature (K): 296.45
Chamber pressure (MPa): 102.66
Description: 	Default
Driving voltage (V): 0.01
Start freq (Hz): 1E+6
Stop freq (Hz): 1E+2
# freq steps: 60
Index #	Frequency (Hz)	Impedance (ohms)	Phase (degrees)
0 	 1000078.125000 	 18.672678 	 35.919968 	
1 	 857765.625000 	 17.775928 	 31.924908 	
2 	 735703.125000 	 17.068491 	 28.175434 	
3 	 630984.375000 	 16.524042 	 24.607698 	
4 	 541171.875000 	 16.099539 	 21.373320 	
5 	 464203.125000 	 15.777172 	 18.403517 	
6 	 398109.375000 	 15.534189 	 15.725956 	
7 	 341484.375000 	 15.352732 	 13.289961 	
8 	 292921.875000 	 15.211869 	 11.093928 	
9 	 251203.140625 	 15.109637 	 9.135778 	
10 	 215484.375000 	 15.046664 	 7.353741 	
11 	 184828.125000 	 14.998947 	 5.702650 	
12 	 158578.125000 	 14.967382 	 4.208056 	
13 	 135984.375000 	 14.963445 	 2.784705 	
14 	 116671.867187 	 14.959840 	 1.471249 	
15 	 100078.125000 	 14.975101 	 0.203552 	
16 	 85828.125000 	 15.003604 	 -1.055485 	
17 	 73640.625000 	 15.043661 	 -2.288407 	
18 	 63140.625000 	 15.098536 	 -3.562687 	
19 	 54140.625000 	 15.166803 	 -4.857689 	
20 	 46453.125000 	 15.250189 	 -6.215148 	
21 	 39890.625000 	 15.355370 	 -7.643390 	
22 	 34171.875000 	 15.484717 	 -9.192364 	
23 	 29296.875000 	 15.640105 	 -10.847466 	
24 	 25171.875000 	 15.828065 	 -12.613832 	
25 	 21609.375000 	 16.049772 	 -14.564168 	
26 	 18515.625000 	 16.321293 	 -16.684002 	
27 	 15890.625000 	 16.654316 	 -19.003595 	
28 	 13640.625000 	 17.043795 	 -21.537918 	
29 	 11671.875000 	 17.539635 	 -24.353563 	
30 	 10078.125000 	 18.103559 	 -27.226034 	
31 	 8578.125000 	 18.882788 	 -30.599291 	
32 	 7359.375488 	 19.788036 	 -34.014854 	
33 	 6328.125000 	 20.899015 	 -37.552666 	
34 	 5376.838379 	 22.371641 	 -41.473804 	
35 	 4641.543945 	 24.006220 	 -45.071445 	
36 	 3984.374756 	 26.059807 	 -48.794254 	
37 	 3421.875000 	 28.541599 	 -52.360085 	
38 	 2953.125000 	 31.401926 	 -55.719578 	
39 	 2527.573486 	 35.044624 	 -59.011173 	
40 	 2159.926514 	 39.450207 	 -62.148792 	
41 	 1847.956665 	 44.599159 	 -65.009079 	
42 	 1577.524048 	 50.759884 	 -67.598175 	
43 	 1359.375000 	 57.550056 	 -69.792740 	
44 	 1171.875000 	 65.546982 	 -71.741089 	
45 	 998.263855 	 75.499519 	 -73.650230 	
46 	 856.370239 	 86.715912 	 -75.224800 	
47 	 737.847229 	 99.235901 	 -76.574562 	
48 	 627.790161 	 115.136147 	 -77.818207 	
49 	 544.084778 	 131.508667 	 -78.794472 	
50 	 460.379456 	 153.647156 	 -79.870132 	
51 	 397.995270 	 176.122894 	 -80.645035 	
52 	 340.221771 	 204.135742 	 -81.377213 	
53 	 292.968750 	 235.055679 	 -81.981934 	
54 	 252.403839 	 270.652191 	 -82.503212 	
55 	 217.013885 	 310.593567 	 -82.892433 	
56 	 186.011902 	 360.428864 	 -83.307045 	
57 	 158.361496 	 420.593933 	 -83.689011 	
58 	 135.216339 	 489.113098 	 -84.004570 	
59 	 117.187500 	 560.747009 	 -84.261459 	
