IMPEDANCE MEASUREMENT 
2:48:08.932 PM 2026-10-06
Chamber temperature (K): 296.36
Chamber pressure (MPa): 126.29
Description: 	Default
Driving voltage (V): 0.01
Start freq (Hz): 1E+6
Stop freq (Hz): 1E+2
# freq steps: 60
Index #	Frequency (Hz)	Impedance (ohms)	Phase (degrees)
0 	 1000078.125000 	 18.436926 	 36.370342 	
1 	 857765.625000 	 17.544245 	 32.380344 	
2 	 735703.125000 	 16.841507 	 28.565126 	
3 	 630984.375000 	 16.268894 	 24.987900 	
4 	 541171.875000 	 15.846482 	 21.722368 	
5 	 464203.125000 	 15.517674 	 18.733221 	
6 	 398109.375000 	 15.270315 	 15.980453 	
7 	 341484.375000 	 15.081964 	 13.517400 	
8 	 292921.875000 	 14.946742 	 11.306346 	
9 	 251203.140625 	 14.841835 	 9.309624 	
10 	 215484.375000 	 14.770485 	 7.485662 	
11 	 184828.125000 	 14.724982 	 5.811961 	
12 	 158578.125000 	 14.690315 	 4.281271 	
13 	 135984.375000 	 14.682388 	 2.843792 	
14 	 116671.867187 	 14.688632 	 1.481767 	
15 	 100078.125000 	 14.704721 	 0.182631 	
16 	 85828.125000 	 14.734861 	 -1.103179 	
17 	 73640.625000 	 14.771960 	 -2.364506 	
18 	 63140.625000 	 14.829998 	 -3.654856 	
19 	 54140.625000 	 14.899433 	 -4.986449 	
20 	 46453.125000 	 14.985733 	 -6.380767 	
21 	 39890.625000 	 15.088815 	 -7.833432 	
22 	 34171.875000 	 15.223615 	 -9.415787 	
23 	 29296.875000 	 15.380271 	 -11.121862 	
24 	 25171.875000 	 15.567508 	 -12.938049 	
25 	 21609.375000 	 15.795272 	 -14.902310 	
26 	 18515.625000 	 16.072701 	 -17.106905 	
27 	 15890.625000 	 16.406588 	 -19.473467 	
28 	 13640.625000 	 16.806398 	 -22.063795 	
29 	 11671.875000 	 17.323999 	 -24.937834 	
30 	 10078.125000 	 17.904573 	 -27.844860 	
31 	 8578.125000 	 18.699532 	 -31.270330 	
32 	 7359.375488 	 19.632391 	 -34.732063 	
33 	 6328.125000 	 20.768318 	 -38.279690 	
34 	 5376.838379 	 22.282152 	 -42.227623 	
35 	 4641.543945 	 23.959152 	 -45.811642 	
36 	 3984.374756 	 26.064358 	 -49.477306 	
37 	 3421.875000 	 28.591095 	 -53.040409 	
38 	 2953.125000 	 31.527454 	 -56.312069 	
39 	 2527.573486 	 35.229179 	 -59.613014 	
40 	 2159.926514 	 39.682785 	 -62.644646 	
41 	 1847.956665 	 44.888699 	 -65.430389 	
42 	 1577.524048 	 51.143066 	 -67.908157 	
43 	 1359.375000 	 58.048519 	 -70.080490 	
44 	 1171.875000 	 66.068573 	 -71.981743 	
45 	 998.263855 	 76.121826 	 -73.809891 	
46 	 856.370239 	 87.422203 	 -75.334114 	
47 	 737.847229 	 100.168945 	 -76.654968 	
48 	 627.790161 	 116.235741 	 -77.885666 	
49 	 544.084778 	 132.688599 	 -78.856895 	
50 	 460.379456 	 154.861282 	 -79.836723 	
51 	 397.995270 	 177.467758 	 -80.586426 	
52 	 340.221771 	 205.629074 	 -81.292664 	
53 	 292.968750 	 236.726196 	 -81.868080 	
54 	 252.403839 	 272.467926 	 -82.380516 	
55 	 217.013885 	 312.367859 	 -82.753044 	
56 	 186.011902 	 362.393982 	 -83.149628 	
57 	 158.361496 	 422.772339 	 -83.520546 	
58 	 135.216339 	 491.541992 	 -83.830544 	
59 	 117.187500 	 563.140808 	 -84.069702 	
