IMPEDANCE MEASUREMENT 
2:10:55.422 PM 2026-10-06
Chamber temperature (K): 296.3
Chamber pressure (MPa): 50.37
Description: 	Default
Driving voltage (V): 0.01
Start freq (Hz): 1E+6
Stop freq (Hz): 1E+2
# freq steps: 60
Index #	Frequency (Hz)	Impedance (ohms)	Phase (degrees)
0 	 1000078.125000 	 18.509848 	 36.379925 	
1 	 857765.625000 	 17.607075 	 32.346821 	
2 	 735703.125000 	 16.889112 	 28.507463 	
3 	 630984.375000 	 16.336193 	 24.928068 	
4 	 541171.875000 	 15.910372 	 21.663488 	
5 	 464203.125000 	 15.585783 	 18.650785 	
6 	 398109.375000 	 15.339165 	 15.925591 	
7 	 341484.375000 	 15.154611 	 13.465326 	
8 	 292921.875000 	 15.017013 	 11.234758 	
9 	 251203.140625 	 14.914623 	 9.235564 	
10 	 215484.375000 	 14.845330 	 7.396901 	
11 	 184828.125000 	 14.802023 	 5.750697 	
12 	 158578.125000 	 14.778792 	 4.208101 	
13 	 135984.375000 	 14.765968 	 2.753497 	
14 	 116671.867187 	 14.764372 	 1.382929 	
15 	 100078.125000 	 14.789969 	 0.117628 	
16 	 85828.125000 	 14.817328 	 -1.174924 	
17 	 73640.625000 	 14.857526 	 -2.449569 	
18 	 63140.625000 	 14.914090 	 -3.756910 	
19 	 54140.625000 	 14.988691 	 -5.100198 	
20 	 46453.125000 	 15.077295 	 -6.492682 	
21 	 39890.625000 	 15.188203 	 -7.970089 	
22 	 34171.875000 	 15.320101 	 -9.568123 	
23 	 29296.875000 	 15.485282 	 -11.284184 	
24 	 25171.875000 	 15.679983 	 -13.119214 	
25 	 21609.375000 	 15.915156 	 -15.117696 	
26 	 18515.625000 	 16.197565 	 -17.342457 	
27 	 15890.625000 	 16.546688 	 -19.721016 	
28 	 13640.625000 	 16.964046 	 -22.329681 	
29 	 11671.875000 	 17.486822 	 -25.193624 	
30 	 10078.125000 	 18.090008 	 -28.148605 	
31 	 8578.125000 	 18.904032 	 -31.560905 	
32 	 7359.375488 	 19.871641 	 -35.042927 	
33 	 6328.125000 	 21.046148 	 -38.596226 	
34 	 5376.838379 	 22.590330 	 -42.512951 	
35 	 4641.543945 	 24.319599 	 -46.056900 	
36 	 3984.374756 	 26.474493 	 -49.725872 	
37 	 3421.875000 	 29.067373 	 -53.259586 	
38 	 2953.125000 	 32.049591 	 -56.490471 	
39 	 2527.573486 	 35.830231 	 -59.723911 	
40 	 2159.926514 	 40.365856 	 -62.738213 	
41 	 1847.956665 	 45.695652 	 -65.424614 	
42 	 1577.524048 	 52.047447 	 -67.892654 	
43 	 1359.375000 	 59.092033 	 -70.073402 	
44 	 1171.875000 	 67.200188 	 -71.920380 	
45 	 998.263855 	 77.450714 	 -73.690262 	
46 	 856.370239 	 88.818626 	 -75.229485 	
47 	 737.847229 	 101.751106 	 -76.512604 	
48 	 627.790161 	 117.973129 	 -77.759445 	
49 	 544.084778 	 134.716171 	 -78.711143 	
50 	 460.379456 	 157.122070 	 -79.638641 	
51 	 397.995270 	 179.976074 	 -80.377968 	
52 	 340.221771 	 208.426285 	 -81.070686 	
53 	 292.968750 	 239.821106 	 -81.642670 	
54 	 252.403839 	 275.926971 	 -82.143929 	
55 	 217.013885 	 316.414825 	 -82.511414 	
56 	 186.011902 	 366.892303 	 -82.908447 	
57 	 158.361496 	 427.685425 	 -83.265831 	
58 	 135.216339 	 496.959259 	 -83.570435 	
59 	 117.187500 	 569.316101 	 -83.804031 	
