IMPEDANCE MEASUREMENT 
5:42:09.150 PM 2026-10-06
Chamber temperature (K): 296.47
Chamber pressure (MPa): 124.55
Description: 	Default
Driving voltage (V): 0.01
Start freq (Hz): 1E+6
Stop freq (Hz): 1E+2
# freq steps: 60
Index #	Frequency (Hz)	Impedance (ohms)	Phase (degrees)
0 	 1000078.125000 	 18.558136 	 36.191906 	
1 	 857765.625000 	 17.655361 	 32.176716 	
2 	 735703.125000 	 16.940599 	 28.367180 	
3 	 630984.375000 	 16.394527 	 24.819954 	
4 	 541171.875000 	 15.966486 	 21.562449 	
5 	 464203.125000 	 15.640988 	 18.569099 	
6 	 398109.375000 	 15.396156 	 15.882442 	
7 	 341484.375000 	 15.209278 	 13.422581 	
8 	 292921.875000 	 15.069976 	 11.213249 	
9 	 251203.140625 	 14.973095 	 9.229911 	
10 	 215484.375000 	 14.907887 	 7.411066 	
11 	 184828.125000 	 14.858413 	 5.750795 	
12 	 158578.125000 	 14.826740 	 4.245413 	
13 	 135984.375000 	 14.819891 	 2.838645 	
14 	 116671.867187 	 14.818515 	 1.471099 	
15 	 100078.125000 	 14.837781 	 0.215384 	
16 	 85828.125000 	 14.865662 	 -1.038210 	
17 	 73640.625000 	 14.905503 	 -2.305060 	
18 	 63140.625000 	 14.960047 	 -3.570054 	
19 	 54140.625000 	 15.026561 	 -4.876793 	
20 	 46453.125000 	 15.116886 	 -6.247458 	
21 	 39890.625000 	 15.216569 	 -7.681496 	
22 	 34171.875000 	 15.344335 	 -9.240736 	
23 	 29296.875000 	 15.500215 	 -10.911044 	
24 	 25171.875000 	 15.689668 	 -12.687672 	
25 	 21609.375000 	 15.910471 	 -14.646623 	
26 	 18515.625000 	 16.183392 	 -16.780846 	
27 	 15890.625000 	 16.509560 	 -19.113304 	
28 	 13640.625000 	 16.906487 	 -21.649935 	
29 	 11671.875000 	 17.401752 	 -24.475948 	
30 	 10078.125000 	 17.971657 	 -27.355349 	
31 	 8578.125000 	 18.741074 	 -30.741751 	
32 	 7359.375488 	 19.655565 	 -34.172310 	
33 	 6328.125000 	 20.764400 	 -37.718391 	
34 	 5376.838379 	 22.233215 	 -41.648979 	
35 	 4641.543945 	 23.872257 	 -45.233284 	
36 	 3984.374756 	 25.923786 	 -48.930042 	
37 	 3421.875000 	 28.406572 	 -52.525463 	
38 	 2953.125000 	 31.279341 	 -55.847973 	
39 	 2527.573486 	 34.916264 	 -59.182922 	
40 	 2159.926514 	 39.295517 	 -62.279198 	
41 	 1847.956665 	 44.440731 	 -65.119171 	
42 	 1577.524048 	 50.618458 	 -67.735718 	
43 	 1359.375000 	 57.435787 	 -69.880455 	
44 	 1171.875000 	 65.292625 	 -71.844254 	
45 	 998.263855 	 75.294380 	 -73.749847 	
46 	 856.370239 	 86.413651 	 -75.284378 	
47 	 737.847229 	 98.943146 	 -76.693314 	
48 	 627.790161 	 114.944862 	 -77.951363 	
49 	 544.084778 	 131.047195 	 -78.926834 	
50 	 460.379456 	 153.264496 	 -79.916786 	
51 	 397.995270 	 175.676819 	 -80.687012 	
52 	 340.221771 	 203.628708 	 -81.413383 	
53 	 292.968750 	 234.500595 	 -82.015160 	
54 	 252.403839 	 269.993988 	 -82.533470 	
55 	 217.013885 	 309.763214 	 -82.915924 	
56 	 186.011902 	 359.547302 	 -83.339088 	
57 	 158.361496 	 419.577820 	 -83.708191 	
58 	 135.216339 	 488.080719 	 -84.027153 	
59 	 117.187500 	 559.402527 	 -84.278152 	
