IMPEDANCE MEASUREMENT 
4:28:58.669 PM 2026-10-06
Chamber temperature (K): 296.43
Chamber pressure (MPa): 49.57
Description: 	Default
Driving voltage (V): 0.01
Start freq (Hz): 1E+6
Stop freq (Hz): 1E+2
# freq steps: 60
Index #	Frequency (Hz)	Impedance (ohms)	Phase (degrees)
0 	 1000078.125000 	 18.677786 	 35.980350 	
1 	 857765.625000 	 17.781927 	 31.998739 	
2 	 735703.125000 	 17.079100 	 28.181774 	
3 	 630984.375000 	 16.529291 	 24.644987 	
4 	 541171.875000 	 16.110870 	 21.383755 	
5 	 464203.125000 	 15.792440 	 18.430899 	
6 	 398109.375000 	 15.542900 	 15.715341 	
7 	 341484.375000 	 15.360303 	 13.307122 	
8 	 292921.875000 	 15.220839 	 11.115076 	
9 	 251203.140625 	 15.120273 	 9.140299 	
10 	 215484.375000 	 15.058926 	 7.338159 	
11 	 184828.125000 	 15.011203 	 5.696673 	
12 	 158578.125000 	 14.981678 	 4.166406 	
13 	 135984.375000 	 14.983193 	 2.756731 	
14 	 116671.867187 	 14.981130 	 1.435617 	
15 	 100078.125000 	 14.995836 	 0.177956 	
16 	 85828.125000 	 15.025264 	 -1.083547 	
17 	 73640.625000 	 15.065205 	 -2.320881 	
18 	 63140.625000 	 15.120901 	 -3.600135 	
19 	 54140.625000 	 15.190794 	 -4.918548 	
20 	 46453.125000 	 15.278870 	 -6.270713 	
21 	 39890.625000 	 15.383124 	 -7.713165 	
22 	 34171.875000 	 15.514552 	 -9.254691 	
23 	 29296.875000 	 15.673738 	 -10.925374 	
24 	 25171.875000 	 15.856343 	 -12.713260 	
25 	 21609.375000 	 16.085789 	 -14.658487 	
26 	 18515.625000 	 16.361153 	 -16.820637 	
27 	 15890.625000 	 16.695557 	 -19.147058 	
28 	 13640.625000 	 17.092295 	 -21.695896 	
29 	 11671.875000 	 17.600874 	 -24.512688 	
30 	 10078.125000 	 18.183565 	 -27.408405 	
31 	 8578.125000 	 18.961447 	 -30.797602 	
32 	 7359.375488 	 19.886539 	 -34.240646 	
33 	 6328.125000 	 21.011633 	 -37.770584 	
34 	 5376.838379 	 22.512480 	 -41.697765 	
35 	 4641.543945 	 24.168858 	 -45.284958 	
36 	 3984.374756 	 26.263897 	 -48.980942 	
37 	 3421.875000 	 28.785999 	 -52.556789 	
38 	 2953.125000 	 31.699642 	 -55.875809 	
39 	 2527.573486 	 35.362854 	 -59.207737 	
40 	 2159.926514 	 39.797398 	 -62.295570 	
41 	 1847.956665 	 45.042274 	 -65.098953 	
42 	 1577.524048 	 51.258183 	 -67.684601 	
43 	 1359.375000 	 58.192390 	 -69.836296 	
44 	 1171.875000 	 66.160995 	 -71.776802 	
45 	 998.263855 	 76.263321 	 -73.663277 	
46 	 856.370239 	 87.511711 	 -75.177063 	
47 	 737.847229 	 100.137703 	 -76.536545 	
48 	 627.790161 	 116.238350 	 -77.810844 	
49 	 544.084778 	 132.791061 	 -78.823845 	
50 	 460.379456 	 155.104828 	 -79.806160 	
51 	 397.995270 	 177.742813 	 -80.569649 	
52 	 340.221771 	 205.966354 	 -81.287529 	
53 	 292.968750 	 237.130310 	 -81.884216 	
54 	 252.403839 	 272.993652 	 -82.400330 	
55 	 217.013885 	 313.040375 	 -82.779449 	
56 	 186.011902 	 363.258423 	 -83.192177 	
57 	 158.361496 	 423.861542 	 -83.562065 	
58 	 135.216339 	 492.871246 	 -83.878838 	
59 	 117.187500 	 565.085815 	 -84.126381 	
