IMPEDANCE MEASUREMENT 
1:59:08.169 PM 2026-10-06
Chamber temperature (K): 296.3
Chamber pressure (MPa): 2.24
Description: 	Default
Driving voltage (V): 0.01
Start freq (Hz): 1E+6
Stop freq (Hz): 1E+2
# freq steps: 60
Index #	Frequency (Hz)	Impedance (ohms)	Phase (degrees)
0 	 1000078.125000 	 19.479813 	 34.341206 	
1 	 857765.625000 	 18.612909 	 30.423470 	
2 	 735703.125000 	 17.926588 	 26.727097 	
3 	 630984.375000 	 17.403971 	 23.313725 	
4 	 541171.875000 	 17.003332 	 20.160046 	
5 	 464203.125000 	 16.698536 	 17.341055 	
6 	 398109.375000 	 16.458551 	 14.757039 	
7 	 341484.375000 	 16.287483 	 12.437863 	
8 	 292921.875000 	 16.161043 	 10.375867 	
9 	 251203.140625 	 16.065420 	 8.476638 	
10 	 215484.375000 	 15.997879 	 6.737340 	
11 	 184828.125000 	 15.958273 	 5.195284 	
12 	 158578.125000 	 15.941545 	 3.771077 	
13 	 135984.375000 	 15.919169 	 2.406090 	
14 	 116671.867187 	 15.886366 	 1.151337 	
15 	 100078.125000 	 15.886092 	 -0.104345 	
16 	 85828.125000 	 15.909823 	 -1.306337 	
17 	 73640.625000 	 15.939080 	 -2.533035 	
18 	 63140.625000 	 16.008509 	 -3.774972 	
19 	 54140.625000 	 16.086184 	 -5.064022 	
20 	 46453.125000 	 16.170139 	 -6.402385 	
21 	 39890.625000 	 16.297356 	 -7.837770 	
22 	 34171.875000 	 16.446375 	 -9.359113 	
23 	 29296.875000 	 16.625864 	 -11.006509 	
24 	 25171.875000 	 16.843428 	 -12.757898 	
25 	 21609.375000 	 17.090065 	 -14.675435 	
26 	 18515.625000 	 17.403320 	 -16.783583 	
27 	 15890.625000 	 17.773817 	 -19.046598 	
28 	 13640.625000 	 18.212143 	 -21.511028 	
29 	 11671.875000 	 18.762033 	 -24.242744 	
30 	 10078.125000 	 19.386194 	 -26.985508 	
31 	 8578.125000 	 20.221716 	 -30.249550 	
32 	 7359.375488 	 21.171738 	 -33.529385 	
33 	 6328.125000 	 22.334644 	 -36.928806 	
34 	 5376.838379 	 23.880844 	 -40.687546 	
35 	 4641.543945 	 25.585922 	 -44.157940 	
36 	 3984.374756 	 27.714905 	 -47.745102 	
37 	 3421.875000 	 30.283983 	 -51.224499 	
38 	 2953.125000 	 33.243530 	 -54.528770 	
39 	 2527.573486 	 36.968052 	 -57.800392 	
40 	 2159.926514 	 41.466194 	 -60.907375 	
41 	 1847.956665 	 46.748833 	 -63.761440 	
42 	 1577.524048 	 53.044819 	 -66.420258 	
43 	 1359.375000 	 60.054993 	 -68.667068 	
44 	 1171.875000 	 68.116486 	 -70.657486 	
45 	 998.263855 	 78.388092 	 -72.572830 	
46 	 856.370239 	 89.727928 	 -74.218781 	
47 	 737.847229 	 102.585846 	 -75.583954 	
48 	 627.790161 	 118.926514 	 -76.910683 	
49 	 544.084778 	 135.475525 	 -77.998100 	
50 	 460.379456 	 158.065811 	 -78.998123 	
51 	 397.995270 	 180.956848 	 -79.825249 	
52 	 340.221771 	 209.462997 	 -80.557785 	
53 	 292.968750 	 240.883469 	 -81.196960 	
54 	 252.403839 	 277.018616 	 -81.724396 	
55 	 217.013885 	 317.933655 	 -82.146393 	
56 	 186.011902 	 367.888000 	 -82.544250 	
57 	 158.361496 	 429.027191 	 -83.001999 	
58 	 135.216339 	 498.123810 	 -83.339348 	
59 	 117.187500 	 570.529724 	 -83.583374 	
