IMPEDANCE MEASUREMENT 
2:18:11.499 PM 2026-10-06
Chamber temperature (K): 296.32
Chamber pressure (MPa): 62.12
Description: 	Default
Driving voltage (V): 0.01
Start freq (Hz): 1E+6
Stop freq (Hz): 1E+2
# freq steps: 60
Index #	Frequency (Hz)	Impedance (ohms)	Phase (degrees)
0 	 1000078.125000 	 18.585962 	 36.214725 	
1 	 857765.625000 	 17.686850 	 32.181240 	
2 	 735703.125000 	 16.973337 	 28.367775 	
3 	 630984.375000 	 16.425827 	 24.802929 	
4 	 541171.875000 	 15.993262 	 21.536234 	
5 	 464203.125000 	 15.677008 	 18.534504 	
6 	 398109.375000 	 15.426523 	 15.853230 	
7 	 341484.375000 	 15.238957 	 13.385052 	
8 	 292921.875000 	 15.109943 	 11.165242 	
9 	 251203.140625 	 15.009866 	 9.188226 	
10 	 215484.375000 	 14.942137 	 7.350477 	
11 	 184828.125000 	 14.890666 	 5.735876 	
12 	 158578.125000 	 14.865523 	 4.208077 	
13 	 135984.375000 	 14.851201 	 2.754090 	
14 	 116671.867187 	 14.858574 	 1.414216 	
15 	 100078.125000 	 14.880799 	 0.132252 	
16 	 85828.125000 	 14.907177 	 -1.151822 	
17 	 73640.625000 	 14.947244 	 -2.419998 	
18 	 63140.625000 	 15.003463 	 -3.696361 	
19 	 54140.625000 	 15.075788 	 -5.039631 	
20 	 46453.125000 	 15.164690 	 -6.435738 	
21 	 39890.625000 	 15.274899 	 -7.913216 	
22 	 34171.875000 	 15.407191 	 -9.488555 	
23 	 29296.875000 	 15.567036 	 -11.189331 	
24 	 25171.875000 	 15.757912 	 -13.005233 	
25 	 21609.375000 	 15.990682 	 -14.988984 	
26 	 18515.625000 	 16.278584 	 -17.185741 	
27 	 15890.625000 	 16.617430 	 -19.561939 	
28 	 13640.625000 	 17.032490 	 -22.152044 	
29 	 11671.875000 	 17.553823 	 -25.017988 	
30 	 10078.125000 	 18.150501 	 -27.937304 	
31 	 8578.125000 	 18.961004 	 -31.365639 	
32 	 7359.375488 	 19.913790 	 -34.832550 	
33 	 6328.125000 	 21.074938 	 -38.377632 	
34 	 5376.838379 	 22.620182 	 -42.279518 	
35 	 4641.543945 	 24.328907 	 -45.842438 	
36 	 3984.374756 	 26.470324 	 -49.500431 	
37 	 3421.875000 	 29.056259 	 -53.039631 	
38 	 2953.125000 	 32.005215 	 -56.307526 	
39 	 2527.573486 	 35.789139 	 -59.577045 	
40 	 2159.926514 	 40.290653 	 -62.616123 	
41 	 1847.956665 	 45.571728 	 -65.330177 	
42 	 1577.524048 	 51.910999 	 -67.855545 	
43 	 1359.375000 	 58.888813 	 -69.921814 	
44 	 1171.875000 	 67.046761 	 -71.827675 	
45 	 998.263855 	 77.235214 	 -73.575882 	
46 	 856.370239 	 88.687958 	 -75.184288 	
47 	 737.847229 	 101.460220 	 -76.457962 	
48 	 627.790161 	 117.617668 	 -77.730377 	
49 	 544.084778 	 134.163269 	 -78.661835 	
50 	 460.379456 	 156.769699 	 -79.661407 	
51 	 397.995270 	 179.579468 	 -80.404053 	
52 	 340.221771 	 208.000656 	 -81.102463 	
53 	 292.968750 	 239.362335 	 -81.689400 	
54 	 252.403839 	 275.388153 	 -82.195030 	
55 	 217.013885 	 315.832764 	 -82.561211 	
56 	 186.011902 	 366.306915 	 -82.972328 	
57 	 158.361496 	 427.069519 	 -83.337082 	
58 	 135.216339 	 496.256165 	 -83.645378 	
59 	 117.187500 	 568.444031 	 -83.879868 	
