IMPEDANCE MEASUREMENT 
5:43:02.507 PM 2026-10-06
Chamber temperature (K): 296.46
Chamber pressure (MPa): 123.48
Description: 	Default
Driving voltage (V): 0.01
Start freq (Hz): 1E+6
Stop freq (Hz): 1E+2
# freq steps: 60
Index #	Frequency (Hz)	Impedance (ohms)	Phase (degrees)
0 	 1000078.125000 	 18.539614 	 36.208706 	
1 	 857765.625000 	 17.636017 	 32.198563 	
2 	 735703.125000 	 16.927494 	 28.379211 	
3 	 630984.375000 	 16.380848 	 24.850758 	
4 	 541171.875000 	 15.954496 	 21.565468 	
5 	 464203.125000 	 15.627674 	 18.610376 	
6 	 398109.375000 	 15.377733 	 15.884851 	
7 	 341484.375000 	 15.194949 	 13.433992 	
8 	 292921.875000 	 15.056090 	 11.220104 	
9 	 251203.140625 	 14.952484 	 9.226809 	
10 	 215484.375000 	 14.886167 	 7.438380 	
11 	 184828.125000 	 14.837610 	 5.781411 	
12 	 158578.125000 	 14.811581 	 4.256078 	
13 	 135984.375000 	 14.800199 	 2.807050 	
14 	 116671.867187 	 14.796215 	 1.494326 	
15 	 100078.125000 	 14.818472 	 0.219507 	
16 	 85828.125000 	 14.849266 	 -1.044225 	
17 	 73640.625000 	 14.886144 	 -2.308283 	
18 	 63140.625000 	 14.938965 	 -3.571823 	
19 	 54140.625000 	 15.013349 	 -4.891802 	
20 	 46453.125000 	 15.091309 	 -6.273142 	
21 	 39890.625000 	 15.200322 	 -7.691617 	
22 	 34171.875000 	 15.329270 	 -9.256134 	
23 	 29296.875000 	 15.483829 	 -10.914098 	
24 	 25171.875000 	 15.669644 	 -12.695785 	
25 	 21609.375000 	 15.890549 	 -14.644969 	
26 	 18515.625000 	 16.167767 	 -16.806574 	
27 	 15890.625000 	 16.491577 	 -19.139210 	
28 	 13640.625000 	 16.894457 	 -21.674534 	
29 	 11671.875000 	 17.385128 	 -24.503117 	
30 	 10078.125000 	 17.954372 	 -27.379827 	
31 	 8578.125000 	 18.724039 	 -30.765627 	
32 	 7359.375488 	 19.642962 	 -34.187458 	
33 	 6328.125000 	 20.744053 	 -37.741707 	
34 	 5376.838379 	 22.217186 	 -41.667198 	
35 	 4641.543945 	 23.858799 	 -45.258842 	
36 	 3984.374756 	 25.915340 	 -48.965740 	
37 	 3421.875000 	 28.382988 	 -52.548653 	
38 	 2953.125000 	 31.281023 	 -55.892475 	
39 	 2527.573486 	 34.894547 	 -59.177292 	
40 	 2159.926514 	 39.277527 	 -62.310917 	
41 	 1847.956665 	 44.434349 	 -65.157310 	
42 	 1577.524048 	 50.598206 	 -67.732452 	
43 	 1359.375000 	 57.383514 	 -69.924881 	
44 	 1171.875000 	 65.295845 	 -71.876877 	
45 	 998.263855 	 75.306366 	 -73.766716 	
46 	 856.370239 	 86.381927 	 -75.314384 	
47 	 737.847229 	 99.083649 	 -76.627296 	
48 	 627.790161 	 114.950172 	 -77.967278 	
49 	 544.084778 	 131.156326 	 -78.922531 	
50 	 460.379456 	 153.244415 	 -79.922890 	
51 	 397.995270 	 175.674088 	 -80.693947 	
52 	 340.221771 	 203.606552 	 -81.414108 	
53 	 292.968750 	 234.477737 	 -82.018631 	
54 	 252.403839 	 269.989838 	 -82.539207 	
55 	 217.013885 	 309.786804 	 -82.926476 	
56 	 186.011902 	 359.516632 	 -83.337242 	
57 	 158.361496 	 419.574432 	 -83.715706 	
58 	 135.216339 	 487.973267 	 -84.020409 	
59 	 117.187500 	 559.418152 	 -84.276024 	
