IMPEDANCE MEASUREMENT 
3:46:00.918 PM 2026-10-06
Chamber temperature (K): 296.41
Chamber pressure (MPa): 125.33
Description: 	Default
Driving voltage (V): 0.01
Start freq (Hz): 1E+6
Stop freq (Hz): 1E+2
# freq steps: 60
Index #	Frequency (Hz)	Impedance (ohms)	Phase (degrees)
0 	 1000078.125000 	 18.568453 	 36.252102 	
1 	 857765.625000 	 17.659901 	 32.205532 	
2 	 735703.125000 	 16.963346 	 28.401621 	
3 	 630984.375000 	 16.405432 	 24.844515 	
4 	 541171.875000 	 15.978568 	 21.574860 	
5 	 464203.125000 	 15.653054 	 18.590279 	
6 	 398109.375000 	 15.404957 	 15.887980 	
7 	 341484.375000 	 15.220585 	 13.454377 	
8 	 292921.875000 	 15.079299 	 11.251034 	
9 	 251203.140625 	 14.984918 	 9.273100 	
10 	 215484.375000 	 14.912259 	 7.448586 	
11 	 184828.125000 	 14.864668 	 5.808709 	
12 	 158578.125000 	 14.832085 	 4.304141 	
13 	 135984.375000 	 14.821257 	 2.897730 	
14 	 116671.867187 	 14.828698 	 1.578805 	
15 	 100078.125000 	 14.842746 	 0.289455 	
16 	 85828.125000 	 14.868692 	 -0.961379 	
17 	 73640.625000 	 14.906982 	 -2.192005 	
18 	 63140.625000 	 14.960292 	 -3.449404 	
19 	 54140.625000 	 15.026440 	 -4.743797 	
20 	 46453.125000 	 15.111453 	 -6.100031 	
21 	 39890.625000 	 15.206148 	 -7.516247 	
22 	 34171.875000 	 15.335247 	 -9.040850 	
23 	 29296.875000 	 15.487944 	 -10.670585 	
24 	 25171.875000 	 15.667536 	 -12.450583 	
25 	 21609.375000 	 15.878656 	 -14.366987 	
26 	 18515.625000 	 16.151159 	 -16.491201 	
27 	 15890.625000 	 16.468237 	 -18.780130 	
28 	 13640.625000 	 16.856983 	 -21.291092 	
29 	 11671.875000 	 17.331427 	 -24.087870 	
30 	 10078.125000 	 17.886356 	 -26.929605 	
31 	 8578.125000 	 18.634657 	 -30.294323 	
32 	 7359.375488 	 19.518471 	 -33.702141 	
33 	 6328.125000 	 20.593073 	 -37.220928 	
34 	 5376.838379 	 22.027514 	 -41.148621 	
35 	 4641.543945 	 23.616512 	 -44.750263 	
36 	 3984.374756 	 25.625366 	 -48.467651 	
37 	 3421.875000 	 28.037811 	 -52.079544 	
38 	 2953.125000 	 30.845135 	 -55.408989 	
39 	 2527.573486 	 34.383427 	 -58.822147 	
40 	 2159.926514 	 38.650028 	 -61.891773 	
41 	 1847.956665 	 43.685242 	 -64.787949 	
42 	 1577.524048 	 49.747044 	 -67.425476 	
43 	 1359.375000 	 56.412327 	 -69.639755 	
44 	 1171.875000 	 64.135628 	 -71.648468 	
45 	 998.263855 	 73.962715 	 -73.531853 	
46 	 856.370239 	 84.904755 	 -75.164177 	
47 	 737.847229 	 97.163620 	 -76.565186 	
48 	 627.790161 	 112.870071 	 -77.860008 	
49 	 544.084778 	 128.677155 	 -78.897522 	
50 	 460.379456 	 150.481857 	 -79.845856 	
51 	 397.995270 	 172.492691 	 -80.628143 	
52 	 340.221771 	 199.929474 	 -81.368446 	
53 	 292.968750 	 230.253952 	 -81.980507 	
54 	 252.403839 	 265.119049 	 -82.506454 	
55 	 217.013885 	 305.955292 	 -82.977676 	
56 	 186.011902 	 352.907440 	 -83.323441 	
57 	 158.361496 	 411.921722 	 -83.706154 	
58 	 135.216339 	 479.234497 	 -84.032211 	
59 	 117.187500 	 549.368103 	 -84.297073 	
