IMPEDANCE MEASUREMENT 
2:32:27.060 PM 2026-10-06
Chamber temperature (K): 296.34
Chamber pressure (MPa): 99.48
Description: 	Default
Driving voltage (V): 0.01
Start freq (Hz): 1E+6
Stop freq (Hz): 1E+2
# freq steps: 60
Index #	Frequency (Hz)	Impedance (ohms)	Phase (degrees)
0 	 1000078.125000 	 18.356657 	 36.653625 	
1 	 857765.625000 	 17.457485 	 32.632008 	
2 	 735703.125000 	 16.742037 	 28.766659 	
3 	 630984.375000 	 16.185949 	 25.182648 	
4 	 541171.875000 	 15.753212 	 21.863934 	
5 	 464203.125000 	 15.422104 	 18.853928 	
6 	 398109.375000 	 15.169492 	 16.125050 	
7 	 341484.375000 	 14.985637 	 13.608066 	
8 	 292921.875000 	 14.845452 	 11.365325 	
9 	 251203.140625 	 14.750392 	 9.348805 	
10 	 215484.375000 	 14.672180 	 7.495023 	
11 	 184828.125000 	 14.627707 	 5.822396 	
12 	 158578.125000 	 14.600231 	 4.287140 	
13 	 135984.375000 	 14.583725 	 2.832096 	
14 	 116671.867187 	 14.591759 	 1.476166 	
15 	 100078.125000 	 14.612962 	 0.156496 	
16 	 85828.125000 	 14.638365 	 -1.146252 	
17 	 73640.625000 	 14.682783 	 -2.436897 	
18 	 63140.625000 	 14.737219 	 -3.727494 	
19 	 54140.625000 	 14.807830 	 -5.088343 	
20 	 46453.125000 	 14.895127 	 -6.485307 	
21 	 39890.625000 	 15.005085 	 -7.963857 	
22 	 34171.875000 	 15.135111 	 -9.576637 	
23 	 29296.875000 	 15.297899 	 -11.297227 	
24 	 25171.875000 	 15.489012 	 -13.121087 	
25 	 21609.375000 	 15.721395 	 -15.135139 	
26 	 18515.625000 	 16.002874 	 -17.356958 	
27 	 15890.625000 	 16.346083 	 -19.754622 	
28 	 13640.625000 	 16.760925 	 -22.350824 	
29 	 11671.875000 	 17.280087 	 -25.251265 	
30 	 10078.125000 	 17.874863 	 -28.209394 	
31 	 8578.125000 	 18.685837 	 -31.660587 	
32 	 7359.375488 	 19.640518 	 -35.136372 	
33 	 6328.125000 	 20.794775 	 -38.705276 	
34 	 5376.838379 	 22.337816 	 -42.629963 	
35 	 4641.543945 	 24.041845 	 -46.219379 	
36 	 3984.374756 	 26.185352 	 -49.870537 	
37 	 3421.875000 	 28.761683 	 -53.383522 	
38 	 2953.125000 	 31.736172 	 -56.662514 	
39 	 2527.573486 	 35.491520 	 -59.900993 	
40 	 2159.926514 	 40.004242 	 -62.864826 	
41 	 1847.956665 	 45.248878 	 -65.610809 	
42 	 1577.524048 	 51.590843 	 -68.131363 	
43 	 1359.375000 	 58.566616 	 -70.244034 	
44 	 1171.875000 	 66.630600 	 -72.115898 	
45 	 998.263855 	 76.864876 	 -73.872467 	
46 	 856.370239 	 88.177338 	 -75.340660 	
47 	 737.847229 	 101.012146 	 -76.627357 	
48 	 627.790161 	 117.176857 	 -77.913292 	
49 	 544.084778 	 133.752792 	 -78.864868 	
50 	 460.379456 	 156.154251 	 -79.797379 	
51 	 397.995270 	 178.903305 	 -80.540810 	
52 	 340.221771 	 207.240860 	 -81.229767 	
53 	 292.968750 	 238.528229 	 -81.796822 	
54 	 252.403839 	 274.488983 	 -82.299805 	
55 	 217.013885 	 314.578003 	 -82.666275 	
56 	 186.011902 	 365.006439 	 -83.059731 	
57 	 158.361496 	 425.662750 	 -83.412086 	
58 	 135.216339 	 494.761078 	 -83.730202 	
59 	 117.187500 	 566.858093 	 -83.951630 	
