IMPEDANCE MEASUREMENT 
5:22:08.944 PM 2026-10-06
Chamber temperature (K): 296.48
Chamber pressure (MPa): 200.35
Description: 	Default
Driving voltage (V): 0.01
Start freq (Hz): 1E+6
Stop freq (Hz): 1E+2
# freq steps: 60
Index #	Frequency (Hz)	Impedance (ohms)	Phase (degrees)
0 	 1000078.125000 	 18.313211 	 36.784798 	
1 	 857765.625000 	 17.391342 	 32.754253 	
2 	 735703.125000 	 16.681917 	 28.923233 	
3 	 630984.375000 	 16.121847 	 25.310080 	
4 	 541171.875000 	 15.681867 	 22.004715 	
5 	 464203.125000 	 15.354671 	 18.945658 	
6 	 398109.375000 	 15.103287 	 16.215961 	
7 	 341484.375000 	 14.912210 	 13.716053 	
8 	 292921.875000 	 14.770789 	 11.470428 	
9 	 251203.140625 	 14.667089 	 9.445521 	
10 	 215484.375000 	 14.591477 	 7.601343 	
11 	 184828.125000 	 14.552940 	 5.905850 	
12 	 158578.125000 	 14.523007 	 4.365803 	
13 	 135984.375000 	 14.511182 	 2.895334 	
14 	 116671.867187 	 14.512395 	 1.551517 	
15 	 100078.125000 	 14.534056 	 0.245188 	
16 	 85828.125000 	 14.560616 	 -1.045847 	
17 	 73640.625000 	 14.599825 	 -2.323314 	
18 	 63140.625000 	 14.654937 	 -3.612634 	
19 	 54140.625000 	 14.727404 	 -4.936658 	
20 	 46453.125000 	 14.808607 	 -6.324368 	
21 	 39890.625000 	 14.915488 	 -7.797293 	
22 	 34171.875000 	 15.048802 	 -9.370484 	
23 	 29296.875000 	 15.199954 	 -11.059659 	
24 	 25171.875000 	 15.386817 	 -12.863892 	
25 	 21609.375000 	 15.608618 	 -14.841617 	
26 	 18515.625000 	 15.885498 	 -17.020641 	
27 	 15890.625000 	 16.211594 	 -19.379723 	
28 	 13640.625000 	 16.607111 	 -21.942577 	
29 	 11671.875000 	 17.105898 	 -24.821955 	
30 	 10078.125000 	 17.678427 	 -27.712933 	
31 	 8578.125000 	 18.452301 	 -31.137836 	
32 	 7359.375488 	 19.367525 	 -34.611881 	
33 	 6328.125000 	 20.481287 	 -38.163914 	
34 	 5376.838379 	 21.966080 	 -42.097046 	
35 	 4641.543945 	 23.602772 	 -45.697071 	
36 	 3984.374756 	 25.667934 	 -49.386257 	
37 	 3421.875000 	 28.153616 	 -52.967297 	
38 	 2953.125000 	 31.042587 	 -56.284904 	
39 	 2527.573486 	 34.679535 	 -59.638554 	
40 	 2159.926514 	 39.072750 	 -62.656200 	
41 	 1847.956665 	 44.171509 	 -65.464783 	
42 	 1577.524048 	 50.369396 	 -68.024681 	
43 	 1359.375000 	 57.183479 	 -70.177551 	
44 	 1171.875000 	 65.041267 	 -72.121155 	
45 	 998.263855 	 75.023506 	 -73.946358 	
46 	 856.370239 	 86.219910 	 -75.507408 	
47 	 737.847229 	 98.726692 	 -76.846230 	
48 	 627.790161 	 114.517975 	 -78.071480 	
49 	 544.084778 	 130.779465 	 -79.065002 	
50 	 460.379456 	 152.909149 	 -80.033501 	
51 	 397.995270 	 175.293579 	 -80.797234 	
52 	 340.221771 	 203.182053 	 -81.511139 	
53 	 292.968750 	 233.997238 	 -82.096123 	
54 	 252.403839 	 269.477203 	 -82.610611 	
55 	 217.013885 	 309.128906 	 -82.984329 	
56 	 186.011902 	 358.835388 	 -83.391159 	
57 	 158.361496 	 418.784882 	 -83.751892 	
58 	 135.216339 	 487.125366 	 -84.068604 	
59 	 117.187500 	 558.365784 	 -84.304382 	
