IMPEDANCE MEASUREMENT 
3:44:14.146 PM 2026-10-06
Chamber temperature (K): 296.41
Chamber pressure (MPa): 125.3
Description: 	Default
Driving voltage (V): 0.01
Start freq (Hz): 1E+6
Stop freq (Hz): 1E+2
# freq steps: 60
Index #	Frequency (Hz)	Impedance (ohms)	Phase (degrees)
0 	 1000078.125000 	 18.627542 	 36.104168 	
1 	 857765.625000 	 17.722481 	 32.038212 	
2 	 735703.125000 	 17.010315 	 28.297110 	
3 	 630984.375000 	 16.467037 	 24.760099 	
4 	 541171.875000 	 16.036173 	 21.503365 	
5 	 464203.125000 	 15.715481 	 18.510519 	
6 	 398109.375000 	 15.473062 	 15.836497 	
7 	 341484.375000 	 15.283146 	 13.382926 	
8 	 292921.875000 	 15.153119 	 11.205209 	
9 	 251203.140625 	 15.046776 	 9.219171 	
10 	 215484.375000 	 14.971990 	 7.425159 	
11 	 184828.125000 	 14.930310 	 5.774537 	
12 	 158578.125000 	 14.898454 	 4.296194 	
13 	 135984.375000 	 14.891344 	 2.896362 	
14 	 116671.867187 	 14.895102 	 1.580877 	
15 	 100078.125000 	 14.909945 	 0.304462 	
16 	 85828.125000 	 14.935074 	 -0.947253 	
17 	 73640.625000 	 14.972571 	 -2.193821 	
18 	 63140.625000 	 15.028372 	 -3.443452 	
19 	 54140.625000 	 15.091048 	 -4.736395 	
20 	 46453.125000 	 15.174403 	 -6.078065 	
21 	 39890.625000 	 15.276029 	 -7.484217 	
22 	 34171.875000 	 15.402459 	 -9.017420 	
23 	 29296.875000 	 15.551612 	 -10.660526 	
24 	 25171.875000 	 15.730474 	 -12.398839 	
25 	 21609.375000 	 15.946983 	 -14.317451 	
26 	 18515.625000 	 16.209827 	 -16.444853 	
27 	 15890.625000 	 16.529894 	 -18.729237 	
28 	 13640.625000 	 16.910192 	 -21.224838 	
29 	 11671.875000 	 17.390615 	 -24.011522 	
30 	 10078.125000 	 17.940006 	 -26.853497 	
31 	 8578.125000 	 18.693819 	 -30.199245 	
32 	 7359.375488 	 19.575960 	 -33.625587 	
33 	 6328.125000 	 20.647066 	 -37.137287 	
34 	 5376.838379 	 22.083261 	 -41.050838 	
35 	 4641.543945 	 23.677925 	 -44.645985 	
36 	 3984.374756 	 25.673742 	 -48.371960 	
37 	 3421.875000 	 28.089449 	 -51.975338 	
38 	 2953.125000 	 30.884930 	 -55.332539 	
39 	 2527.573486 	 34.421482 	 -58.690956 	
40 	 2159.926514 	 38.703697 	 -61.862885 	
41 	 1847.956665 	 43.758045 	 -64.734268 	
42 	 1577.524048 	 49.803650 	 -67.365913 	
43 	 1359.375000 	 56.457264 	 -69.593506 	
44 	 1171.875000 	 64.186127 	 -71.582390 	
45 	 998.263855 	 74.020927 	 -73.491875 	
46 	 856.370239 	 84.927116 	 -75.087082 	
47 	 737.847229 	 97.284431 	 -76.504471 	
48 	 627.790161 	 112.906990 	 -77.796722 	
49 	 544.084778 	 128.947235 	 -78.849510 	
50 	 460.379456 	 150.570557 	 -79.821823 	
51 	 397.995270 	 172.594879 	 -80.609352 	
52 	 340.221771 	 200.061188 	 -81.350853 	
53 	 292.968750 	 230.393753 	 -81.961258 	
54 	 252.403839 	 265.288696 	 -82.494461 	
55 	 217.013885 	 306.114014 	 -82.968239 	
56 	 186.011902 	 353.063110 	 -83.316040 	
57 	 158.361496 	 412.159424 	 -83.692596 	
58 	 135.216339 	 479.460724 	 -84.022133 	
59 	 117.187500 	 549.613464 	 -84.289803 	
