IMPEDANCE MEASUREMENT 
4:21:50.185 PM 2026-10-06
Chamber temperature (K): 296.41
Chamber pressure (MPa): 26.3
Description: 	Default
Driving voltage (V): 0.01
Start freq (Hz): 1E+6
Stop freq (Hz): 1E+2
# freq steps: 60
Index #	Frequency (Hz)	Impedance (ohms)	Phase (degrees)
0 	 1000078.125000 	 18.866196 	 35.575329 	
1 	 857765.625000 	 17.984970 	 31.566425 	
2 	 735703.125000 	 17.289120 	 27.810202 	
3 	 630984.375000 	 16.752935 	 24.319006 	
4 	 541171.875000 	 16.330866 	 21.081738 	
5 	 464203.125000 	 16.017565 	 18.155167 	
6 	 398109.375000 	 15.767701 	 15.483937 	
7 	 341484.375000 	 15.591673 	 13.105861 	
8 	 292921.875000 	 15.456298 	 10.934673 	
9 	 251203.140625 	 15.363091 	 8.984005 	
10 	 215484.375000 	 15.286636 	 7.206612 	
11 	 184828.125000 	 15.247101 	 5.610694 	
12 	 158578.125000 	 15.219693 	 4.111370 	
13 	 135984.375000 	 15.212244 	 2.744178 	
14 	 116671.867187 	 15.213006 	 1.435519 	
15 	 100078.125000 	 15.235009 	 0.182679 	
16 	 85828.125000 	 15.260328 	 -1.045256 	
17 	 73640.625000 	 15.301825 	 -2.278376 	
18 	 63140.625000 	 15.355178 	 -3.522619 	
19 	 54140.625000 	 15.425352 	 -4.806929 	
20 	 46453.125000 	 15.508698 	 -6.150743 	
21 	 39890.625000 	 15.617307 	 -7.580900 	
22 	 34171.875000 	 15.746038 	 -9.100657 	
23 	 29296.875000 	 15.898016 	 -10.744202 	
24 	 25171.875000 	 16.087599 	 -12.492163 	
25 	 21609.375000 	 16.313049 	 -14.418353 	
26 	 18515.625000 	 16.587570 	 -16.545675 	
27 	 15890.625000 	 16.914263 	 -18.842140 	
28 	 13640.625000 	 17.312357 	 -21.350243 	
29 	 11671.875000 	 17.812876 	 -24.133055 	
30 	 10078.125000 	 18.383034 	 -26.986271 	
31 	 8578.125000 	 19.154932 	 -30.329786 	
32 	 7359.375488 	 20.068268 	 -33.759132 	
33 	 6328.125000 	 21.169638 	 -37.266560 	
34 	 5376.838379 	 22.653233 	 -41.164421 	
35 	 4641.543945 	 24.295727 	 -44.762062 	
36 	 3984.374756 	 26.350233 	 -48.467556 	
37 	 3421.875000 	 28.850653 	 -52.059238 	
38 	 2953.125000 	 31.748491 	 -55.390800 	
39 	 2527.573486 	 35.386559 	 -58.759846 	
40 	 2159.926514 	 39.780075 	 -61.912880 	
41 	 1847.956665 	 44.958179 	 -64.737885 	
42 	 1577.524048 	 51.167931 	 -67.344521 	
43 	 1359.375000 	 58.021523 	 -69.548393 	
44 	 1171.875000 	 65.919838 	 -71.522217 	
45 	 998.263855 	 75.991928 	 -73.413055 	
46 	 856.370239 	 87.291451 	 -74.986107 	
47 	 737.847229 	 99.917259 	 -76.391907 	
48 	 627.790161 	 115.902092 	 -77.687698 	
49 	 544.084778 	 132.274506 	 -78.708351 	
50 	 460.379456 	 154.493225 	 -79.696884 	
51 	 397.995270 	 177.047073 	 -80.481735 	
52 	 340.221771 	 205.133011 	 -81.213844 	
53 	 292.968750 	 236.169662 	 -81.821907 	
54 	 252.403839 	 271.870209 	 -82.351990 	
55 	 217.013885 	 311.541565 	 -82.744370 	
56 	 186.011902 	 361.680786 	 -83.161789 	
57 	 158.361496 	 422.072235 	 -83.539551 	
58 	 135.216339 	 490.779053 	 -83.859749 	
59 	 117.187500 	 562.535583 	 -84.122498 	
