IMPEDANCE MEASUREMENT 
5:55:36.035 PM 2026-10-06
Chamber temperature (K): 296.45
Chamber pressure (MPa): 1.57
Description: 	Default
Driving voltage (V): 0.01
Start freq (Hz): 1E+6
Stop freq (Hz): 1E+2
# freq steps: 60
Index #	Frequency (Hz)	Impedance (ohms)	Phase (degrees)
0 	 1000078.125000 	 19.652697 	 33.932560 	
1 	 857765.625000 	 18.797632 	 30.042103 	
2 	 735703.125000 	 18.133581 	 26.371374 	
3 	 630984.375000 	 17.611811 	 23.026121 	
4 	 541171.875000 	 17.212318 	 19.946520 	
5 	 464203.125000 	 16.908108 	 17.130817 	
6 	 398109.375000 	 16.683699 	 14.624060 	
7 	 341484.375000 	 16.503851 	 12.355555 	
8 	 292921.875000 	 16.377821 	 10.305632 	
9 	 251203.140625 	 16.279865 	 8.449473 	
10 	 215484.375000 	 16.217770 	 6.774131 	
11 	 184828.125000 	 16.170124 	 5.264474 	
12 	 158578.125000 	 16.142559 	 3.883446 	
13 	 135984.375000 	 16.139093 	 2.563403 	
14 	 116671.867187 	 16.150860 	 1.334443 	
15 	 100078.125000 	 16.159334 	 0.118660 	
16 	 85828.125000 	 16.184803 	 -1.038778 	
17 	 73640.625000 	 16.224079 	 -2.214017 	
18 	 63140.625000 	 16.276850 	 -3.386080 	
19 	 54140.625000 	 16.344961 	 -4.617698 	
20 	 46453.125000 	 16.429165 	 -5.897105 	
21 	 39890.625000 	 16.530603 	 -7.247310 	
22 	 34171.875000 	 16.660463 	 -8.715234 	
23 	 29296.875000 	 16.810331 	 -10.284986 	
24 	 25171.875000 	 16.994825 	 -11.965812 	
25 	 21609.375000 	 17.214190 	 -13.804900 	
26 	 18515.625000 	 17.484079 	 -15.832340 	
27 	 15890.625000 	 17.803911 	 -18.051327 	
28 	 13640.625000 	 18.199755 	 -20.473307 	
29 	 11671.875000 	 18.685265 	 -23.159872 	
30 	 10078.125000 	 19.246841 	 -25.936749 	
31 	 8578.125000 	 20.004835 	 -29.219280 	
32 	 7359.375488 	 20.896633 	 -32.536457 	
33 	 6328.125000 	 21.985439 	 -36.009670 	
34 	 5376.838379 	 23.448154 	 -39.890942 	
35 	 4641.543945 	 25.060917 	 -43.462337 	
36 	 3984.374756 	 27.103718 	 -47.190804 	
37 	 3421.875000 	 29.555712 	 -50.805573 	
38 	 2953.125000 	 32.419292 	 -54.243988 	
39 	 2527.573486 	 36.068790 	 -57.636398 	
40 	 2159.926514 	 40.429047 	 -60.877445 	
41 	 1847.956665 	 45.629452 	 -63.830723 	
42 	 1577.524048 	 51.812645 	 -66.528458 	
43 	 1359.375000 	 58.741077 	 -68.856071 	
44 	 1171.875000 	 66.699287 	 -70.883308 	
45 	 998.263855 	 76.712143 	 -72.821419 	
46 	 856.370239 	 87.969727 	 -74.535156 	
47 	 737.847229 	 100.751480 	 -75.985092 	
48 	 627.790161 	 116.736443 	 -77.265877 	
49 	 544.084778 	 133.345734 	 -78.326912 	
50 	 460.379456 	 155.671906 	 -79.443115 	
51 	 397.995270 	 178.377380 	 -80.263527 	
52 	 340.221771 	 206.674423 	 -81.038528 	
53 	 292.968750 	 237.926773 	 -81.677399 	
54 	 252.403839 	 273.894958 	 -82.232025 	
55 	 217.013885 	 314.596100 	 -82.643715 	
56 	 186.011902 	 364.926270 	 -83.087418 	
57 	 158.361496 	 425.587036 	 -83.488533 	
58 	 135.216339 	 494.666504 	 -83.828934 	
59 	 117.187500 	 566.914978 	 -84.096458 	
