IMPEDANCE MEASUREMENT 
4:55:39.579 PM 2026-10-06
Chamber temperature (K): 296.46
Chamber pressure (MPa): 124.26
Description: 	Default
Driving voltage (V): 0.01
Start freq (Hz): 1E+6
Stop freq (Hz): 1E+2
# freq steps: 60
Index #	Frequency (Hz)	Impedance (ohms)	Phase (degrees)
0 	 1000078.125000 	 18.401052 	 36.627182 	
1 	 857765.625000 	 17.483944 	 32.607300 	
2 	 735703.125000 	 16.777340 	 28.743008 	
3 	 630984.375000 	 16.218636 	 25.143684 	
4 	 541171.875000 	 15.791305 	 21.829266 	
5 	 464203.125000 	 15.463354 	 18.829735 	
6 	 398109.375000 	 15.204317 	 16.074984 	
7 	 341484.375000 	 15.030626 	 13.611418 	
8 	 292921.875000 	 14.886688 	 11.370234 	
9 	 251203.140625 	 14.787049 	 9.345579 	
10 	 215484.375000 	 14.716002 	 7.518635 	
11 	 184828.125000 	 14.675550 	 5.839619 	
12 	 158578.125000 	 14.639331 	 4.308636 	
13 	 135984.375000 	 14.629719 	 2.849993 	
14 	 116671.867187 	 14.636665 	 1.484262 	
15 	 100078.125000 	 14.651480 	 0.202642 	
16 	 85828.125000 	 14.677981 	 -1.072546 	
17 	 73640.625000 	 14.717750 	 -2.359833 	
18 	 63140.625000 	 14.776231 	 -3.648225 	
19 	 54140.625000 	 14.844946 	 -4.990123 	
20 	 46453.125000 	 14.934047 	 -6.383193 	
21 	 39890.625000 	 15.038445 	 -7.843927 	
22 	 34171.875000 	 15.171494 	 -9.421825 	
23 	 29296.875000 	 15.327546 	 -11.116905 	
24 	 25171.875000 	 15.514785 	 -12.927109 	
25 	 21609.375000 	 15.742442 	 -14.918909 	
26 	 18515.625000 	 16.017082 	 -17.119959 	
27 	 15890.625000 	 16.349949 	 -19.479235 	
28 	 13640.625000 	 16.756800 	 -22.070112 	
29 	 11671.875000 	 17.258684 	 -24.927296 	
30 	 10078.125000 	 17.841787 	 -27.847750 	
31 	 8578.125000 	 18.634008 	 -31.285404 	
32 	 7359.375488 	 19.566965 	 -34.759422 	
33 	 6328.125000 	 20.699770 	 -38.320797 	
34 	 5376.838379 	 22.200092 	 -42.268650 	
35 	 4641.543945 	 23.878702 	 -45.846035 	
36 	 3984.374756 	 25.976116 	 -49.531570 	
37 	 3421.875000 	 28.505976 	 -53.098778 	
38 	 2953.125000 	 31.452101 	 -56.420681 	
39 	 2527.573486 	 35.130131 	 -59.691261 	
40 	 2159.926514 	 39.544067 	 -62.753208 	
41 	 1847.956665 	 44.801975 	 -65.505371 	
42 	 1577.524048 	 51.045273 	 -68.068665 	
43 	 1359.375000 	 57.943607 	 -70.198624 	
44 	 1171.875000 	 65.933586 	 -72.126945 	
45 	 998.263855 	 76.016678 	 -73.956535 	
46 	 856.370239 	 87.337479 	 -75.442253 	
47 	 737.847229 	 100.087502 	 -76.818420 	
48 	 627.790161 	 116.097664 	 -78.049263 	
49 	 544.084778 	 132.522095 	 -79.011963 	
50 	 460.379456 	 154.869339 	 -79.980995 	
51 	 397.995270 	 177.515060 	 -80.729538 	
52 	 340.221771 	 205.736664 	 -81.431480 	
53 	 292.968750 	 236.890625 	 -82.016510 	
54 	 252.403839 	 272.740509 	 -82.524086 	
55 	 217.013885 	 312.841766 	 -82.895180 	
56 	 186.011902 	 363.084900 	 -83.298378 	
57 	 158.361496 	 423.644073 	 -83.667152 	
58 	 135.216339 	 492.664581 	 -83.965988 	
59 	 117.187500 	 564.866943 	 -84.209167 	
