IMPEDANCE MEASUREMENT 
3:50:38.645 PM 2026-10-06
Chamber temperature (K): 296.41
Chamber pressure (MPa): 102.42
Description: 	Default
Driving voltage (V): 0.01
Start freq (Hz): 1E+6
Stop freq (Hz): 1E+2
# freq steps: 60
Index #	Frequency (Hz)	Impedance (ohms)	Phase (degrees)
0 	 1000078.125000 	 18.645786 	 36.054203 	
1 	 857765.625000 	 17.757027 	 32.049942 	
2 	 735703.125000 	 17.049023 	 28.262081 	
3 	 630984.375000 	 16.493023 	 24.707167 	
4 	 541171.875000 	 16.074593 	 21.460314 	
5 	 464203.125000 	 15.754869 	 18.475077 	
6 	 398109.375000 	 15.498772 	 15.785606 	
7 	 341484.375000 	 15.317685 	 13.341698 	
8 	 292921.875000 	 15.177168 	 11.162571 	
9 	 251203.140625 	 15.080653 	 9.181681 	
10 	 215484.375000 	 15.005510 	 7.409321 	
11 	 184828.125000 	 14.965589 	 5.758083 	
12 	 158578.125000 	 14.936011 	 4.262916 	
13 	 135984.375000 	 14.922930 	 2.874598 	
14 	 116671.867187 	 14.919313 	 1.553887 	
15 	 100078.125000 	 14.938552 	 0.281525 	
16 	 85828.125000 	 14.965774 	 -0.956124 	
17 	 73640.625000 	 15.005244 	 -2.198815 	
18 	 63140.625000 	 15.055860 	 -3.453945 	
19 	 54140.625000 	 15.125522 	 -4.738840 	
20 	 46453.125000 	 15.207430 	 -6.073445 	
21 	 39890.625000 	 15.309060 	 -7.492973 	
22 	 34171.875000 	 15.435888 	 -9.013748 	
23 	 29296.875000 	 15.588921 	 -10.651490 	
24 	 25171.875000 	 15.766653 	 -12.409523 	
25 	 21609.375000 	 15.983868 	 -14.318954 	
26 	 18515.625000 	 16.249809 	 -16.427881 	
27 	 15890.625000 	 16.570154 	 -18.719330 	
28 	 13640.625000 	 16.951958 	 -21.216881 	
29 	 11671.875000 	 17.435030 	 -23.984976 	
30 	 10078.125000 	 17.987734 	 -26.826622 	
31 	 8578.125000 	 18.737766 	 -30.197803 	
32 	 7359.375488 	 19.617607 	 -33.592068 	
33 	 6328.125000 	 20.690723 	 -37.105190 	
34 	 5376.838379 	 22.130581 	 -41.013634 	
35 	 4641.543945 	 23.718637 	 -44.603378 	
36 	 3984.374756 	 25.721371 	 -48.314068 	
37 	 3421.875000 	 28.146605 	 -51.954937 	
38 	 2953.125000 	 30.938316 	 -55.286751 	
39 	 2527.573486 	 34.516186 	 -58.642071 	
40 	 2159.926514 	 38.757458 	 -61.794697 	
41 	 1847.956665 	 43.850716 	 -64.702477 	
42 	 1577.524048 	 49.872307 	 -67.328880 	
43 	 1359.375000 	 56.527462 	 -69.527382 	
44 	 1171.875000 	 64.310661 	 -71.537712 	
45 	 998.263855 	 74.070007 	 -73.505806 	
46 	 856.370239 	 85.051453 	 -75.100563 	
47 	 737.847229 	 97.359764 	 -76.495285 	
48 	 627.790161 	 113.199257 	 -77.811584 	
49 	 544.084778 	 129.056976 	 -78.815643 	
50 	 460.379456 	 150.758865 	 -79.809464 	
51 	 397.995270 	 172.820923 	 -80.600052 	
52 	 340.221771 	 200.289062 	 -81.338745 	
53 	 292.968750 	 230.657913 	 -81.952492 	
54 	 252.403839 	 265.578461 	 -82.488693 	
55 	 217.013885 	 306.471680 	 -82.954689 	
56 	 186.011902 	 353.548889 	 -83.304581 	
57 	 158.361496 	 412.668030 	 -83.685379 	
58 	 135.216339 	 480.017853 	 -84.008858 	
59 	 117.187500 	 550.397522 	 -84.286263 	
