IMPEDANCE MEASUREMENT 
11:54:06.933 AM 2026-10-06
Chamber temperature (K): 296.13
Chamber pressure (MPa): 1.84
Description: 	Default
Driving voltage (V): 0.01
Start freq (Hz): 1E+6
Stop freq (Hz): 1E+2
# freq steps: 60
Index #	Frequency (Hz)	Impedance (ohms)	Phase (degrees)
0 	 1000078.125000 	 19.502872 	 37.394623 	
1 	 857765.625000 	 18.476732 	 33.315445 	
2 	 735703.125000 	 17.670109 	 29.419025 	
3 	 630984.375000 	 17.042238 	 25.733963 	
4 	 541171.875000 	 16.566490 	 22.343645 	
5 	 464203.125000 	 16.197206 	 19.217140 	
6 	 398109.375000 	 15.921274 	 16.375088 	
7 	 341484.375000 	 15.715127 	 13.790038 	
8 	 292921.875000 	 15.563281 	 11.448795 	
9 	 251203.140625 	 15.455118 	 9.332507 	
10 	 215484.375000 	 15.385303 	 7.406032 	
11 	 184828.125000 	 15.339144 	 5.640375 	
12 	 158578.125000 	 15.309211 	 3.986960 	
13 	 135984.375000 	 15.307388 	 2.439352 	
14 	 116671.867187 	 15.319696 	 0.994471 	
15 	 100078.125000 	 15.347215 	 -0.412986 	
16 	 85828.125000 	 15.393742 	 -1.802401 	
17 	 73640.625000 	 15.452560 	 -3.199496 	
18 	 63140.625000 	 15.532696 	 -4.626995 	
19 	 54140.625000 	 15.630886 	 -6.098001 	
20 	 46453.125000 	 15.754832 	 -7.618478 	
21 	 39890.625000 	 15.904204 	 -9.218315 	
22 	 34171.875000 	 16.086264 	 -10.948001 	
23 	 29296.875000 	 16.305416 	 -12.782594 	
24 	 25171.875000 	 16.569407 	 -14.723190 	
25 	 21609.375000 	 16.879097 	 -16.832703 	
26 	 18515.625000 	 17.261717 	 -19.120026 	
27 	 15890.625000 	 17.707319 	 -21.557030 	
28 	 13640.625000 	 18.245087 	 -24.181034 	
29 	 11671.875000 	 18.903879 	 -27.040854 	
30 	 10078.125000 	 19.659927 	 -29.903566 	
31 	 8578.125000 	 20.657503 	 -33.223877 	
32 	 7359.375488 	 21.816267 	 -36.546478 	
33 	 6328.125000 	 23.189503 	 -39.882153 	
34 	 5376.838379 	 24.998657 	 -43.552738 	
35 	 4641.543945 	 26.958517 	 -46.861897 	
36 	 3984.374756 	 29.398666 	 -50.254089 	
37 	 3421.875000 	 32.298767 	 -53.471218 	
38 	 2953.125000 	 35.627270 	 -56.478321 	
39 	 2527.573486 	 39.759617 	 -59.448162 	
40 	 2159.926514 	 44.703495 	 -62.220062 	
41 	 1847.956665 	 50.482605 	 -64.742851 	
42 	 1577.524048 	 57.381031 	 -67.058617 	
43 	 1359.375000 	 64.903137 	 -69.041916 	
44 	 1171.875000 	 73.588135 	 -70.803162 	
45 	 998.263855 	 84.530899 	 -72.475082 	
46 	 856.370239 	 96.681038 	 -73.912491 	
47 	 737.847229 	 110.148552 	 -75.115494 	
48 	 627.790161 	 127.384956 	 -76.316437 	
49 	 544.084778 	 144.742157 	 -77.233902 	
50 	 460.379456 	 168.372009 	 -78.148552 	
51 	 397.995270 	 192.211609 	 -78.871902 	
52 	 340.221771 	 221.794174 	 -79.560883 	
53 	 292.968750 	 254.370575 	 -80.142319 	
54 	 252.403839 	 291.734161 	 -80.654457 	
55 	 217.013885 	 335.258087 	 -81.106308 	
56 	 186.011902 	 386.552856 	 -81.512947 	
57 	 158.361496 	 448.873840 	 -81.892746 	
58 	 135.216339 	 519.779419 	 -82.211319 	
59 	 117.187500 	 593.372009 	 -82.455185 	
