IMPEDANCE MEASUREMENT 
5:51:09.331 PM 2026-10-06
Chamber temperature (K): 296.45
Chamber pressure (MPa): 76.21
Description: 	Default
Driving voltage (V): 0.01
Start freq (Hz): 1E+6
Stop freq (Hz): 1E+2
# freq steps: 60
Index #	Frequency (Hz)	Impedance (ohms)	Phase (degrees)
0 	 1000078.125000 	 18.817520 	 35.655506 	
1 	 857765.625000 	 17.930662 	 31.665956 	
2 	 735703.125000 	 17.219763 	 27.902443 	
3 	 630984.375000 	 16.680483 	 24.386597 	
4 	 541171.875000 	 16.261904 	 21.167973 	
5 	 464203.125000 	 15.943645 	 18.224895 	
6 	 398109.375000 	 15.698447 	 15.570040 	
7 	 341484.375000 	 15.513224 	 13.168245 	
8 	 292921.875000 	 15.380751 	 10.977650 	
9 	 251203.140625 	 15.278772 	 9.054059 	
10 	 215484.375000 	 15.212665 	 7.245295 	
11 	 184828.125000 	 15.171596 	 5.632468 	
12 	 158578.125000 	 15.137266 	 4.139753 	
13 	 135984.375000 	 15.131872 	 2.739065 	
14 	 116671.867187 	 15.129527 	 1.442237 	
15 	 100078.125000 	 15.148950 	 0.193237 	
16 	 85828.125000 	 15.175521 	 -1.054454 	
17 	 73640.625000 	 15.213880 	 -2.290679 	
18 	 63140.625000 	 15.269090 	 -3.548276 	
19 	 54140.625000 	 15.336599 	 -4.838896 	
20 	 46453.125000 	 15.420825 	 -6.183480 	
21 	 39890.625000 	 15.523811 	 -7.606811 	
22 	 34171.875000 	 15.657085 	 -9.136066 	
23 	 29296.875000 	 15.811007 	 -10.770259 	
24 	 25171.875000 	 15.995309 	 -12.537510 	
25 	 21609.375000 	 16.217819 	 -14.471200 	
26 	 18515.625000 	 16.491755 	 -16.598074 	
27 	 15890.625000 	 16.817759 	 -18.897514 	
28 	 13640.625000 	 17.216183 	 -21.403364 	
29 	 11671.875000 	 17.710701 	 -24.198839 	
30 	 10078.125000 	 18.281420 	 -27.050877 	
31 	 8578.125000 	 19.049648 	 -30.420149 	
32 	 7359.375488 	 19.959845 	 -33.838902 	
33 	 6328.125000 	 21.062712 	 -37.340755 	
34 	 5376.838379 	 22.542658 	 -41.267677 	
35 	 4641.543945 	 24.172302 	 -44.853569 	
36 	 3984.374756 	 26.234236 	 -48.579906 	
37 	 3421.875000 	 28.730499 	 -52.164562 	
38 	 2953.125000 	 31.598324 	 -55.550880 	
39 	 2527.573486 	 35.246849 	 -58.855240 	
40 	 2159.926514 	 39.664406 	 -61.970364 	
41 	 1847.956665 	 44.800171 	 -64.833405 	
42 	 1577.524048 	 50.981647 	 -67.450180 	
43 	 1359.375000 	 57.828758 	 -69.703735 	
44 	 1171.875000 	 65.779503 	 -71.635483 	
45 	 998.263855 	 75.860649 	 -73.500130 	
46 	 856.370239 	 86.994812 	 -75.114357 	
47 	 737.847229 	 99.667923 	 -76.515404 	
48 	 627.790161 	 115.491486 	 -77.737190 	
49 	 544.084778 	 131.946716 	 -78.774559 	
50 	 460.379456 	 154.166031 	 -79.810722 	
51 	 397.995270 	 176.715210 	 -80.593925 	
52 	 340.221771 	 204.776688 	 -81.322891 	
53 	 292.968750 	 235.817383 	 -81.935989 	
54 	 252.403839 	 271.504639 	 -82.461884 	
55 	 217.013885 	 311.598999 	 -82.855858 	
56 	 186.011902 	 361.591644 	 -83.273254 	
57 	 158.361496 	 421.922974 	 -83.658981 	
58 	 135.216339 	 490.656616 	 -83.971794 	
59 	 117.187500 	 562.375977 	 -84.241783 	
