IMPEDANCE MEASUREMENT 
2:00:02.352 PM 2026-10-06
Chamber temperature (K): 296.31
Chamber pressure (MPa): 1.5
Description: 	Default
Driving voltage (V): 0.01
Start freq (Hz): 1E+6
Stop freq (Hz): 1E+2
# freq steps: 60
Index #	Frequency (Hz)	Impedance (ohms)	Phase (degrees)
0 	 1000078.125000 	 19.388218 	 34.458660 	
1 	 857765.625000 	 18.491850 	 30.592262 	
2 	 735703.125000 	 17.825926 	 26.867453 	
3 	 630984.375000 	 17.292017 	 23.431152 	
4 	 541171.875000 	 16.902489 	 20.256416 	
5 	 464203.125000 	 16.573511 	 17.418716 	
6 	 398109.375000 	 16.353487 	 14.848431 	
7 	 341484.375000 	 16.179491 	 12.515834 	
8 	 292921.875000 	 16.038353 	 10.432711 	
9 	 251203.140625 	 15.957128 	 8.509019 	
10 	 215484.375000 	 15.874767 	 6.818308 	
11 	 184828.125000 	 15.839098 	 5.232769 	
12 	 158578.125000 	 15.835465 	 3.785096 	
13 	 135984.375000 	 15.794309 	 2.423306 	
14 	 116671.867187 	 15.820587 	 1.154479 	
15 	 100078.125000 	 15.822527 	 -0.070839 	
16 	 85828.125000 	 15.862658 	 -1.297696 	
17 	 73640.625000 	 15.913956 	 -2.537907 	
18 	 63140.625000 	 15.955675 	 -3.770597 	
19 	 54140.625000 	 16.041304 	 -5.058443 	
20 	 46453.125000 	 16.144390 	 -6.409747 	
21 	 39890.625000 	 16.268276 	 -7.831053 	
22 	 34171.875000 	 16.416161 	 -9.366956 	
23 	 29296.875000 	 16.599682 	 -11.029364 	
24 	 25171.875000 	 16.814137 	 -12.775869 	
25 	 21609.375000 	 17.068146 	 -14.698260 	
26 	 18515.625000 	 17.376562 	 -16.802603 	
27 	 15890.625000 	 17.746599 	 -19.083883 	
28 	 13640.625000 	 18.189743 	 -21.545902 	
29 	 11671.875000 	 18.737808 	 -24.274734 	
30 	 10078.125000 	 19.358038 	 -27.047211 	
31 	 8578.125000 	 20.194479 	 -30.317810 	
32 	 7359.375488 	 21.165604 	 -33.595013 	
33 	 6328.125000 	 22.342823 	 -36.990154 	
34 	 5376.838379 	 23.885096 	 -40.781830 	
35 	 4641.543945 	 25.590996 	 -44.256935 	
36 	 3984.374756 	 27.725565 	 -47.819572 	
37 	 3421.875000 	 30.287394 	 -51.358181 	
38 	 2953.125000 	 33.259102 	 -54.607605 	
39 	 2527.573486 	 37.009945 	 -57.919979 	
40 	 2159.926514 	 41.498837 	 -61.023067 	
41 	 1847.956665 	 46.800941 	 -63.789593 	
42 	 1577.524048 	 53.154659 	 -66.458542 	
43 	 1359.375000 	 60.134163 	 -68.652481 	
44 	 1171.875000 	 68.290535 	 -70.622299 	
45 	 998.263855 	 78.572075 	 -72.528526 	
46 	 856.370239 	 90.051445 	 -74.187881 	
47 	 737.847229 	 102.920830 	 -75.574188 	
48 	 627.790161 	 119.175209 	 -76.885033 	
49 	 544.084778 	 135.846497 	 -77.911926 	
50 	 460.379456 	 158.494720 	 -78.937462 	
51 	 397.995270 	 181.429260 	 -79.745049 	
52 	 340.221771 	 209.986908 	 -80.504539 	
53 	 292.968750 	 241.505844 	 -81.132515 	
54 	 252.403839 	 277.756836 	 -81.686882 	
55 	 217.013885 	 318.015778 	 -82.100044 	
56 	 186.011902 	 368.793610 	 -82.533318 	
57 	 158.361496 	 429.894012 	 -82.935722 	
58 	 135.216339 	 499.471069 	 -83.273567 	
59 	 117.187500 	 572.027893 	 -83.534271 	
