IMPEDANCE MEASUREMENT 
3:45:07.547 PM 2026-10-06
Chamber temperature (K): 296.41
Chamber pressure (MPa): 126.26
Description: 	Default
Driving voltage (V): 0.01
Start freq (Hz): 1E+6
Stop freq (Hz): 1E+2
# freq steps: 60
Index #	Frequency (Hz)	Impedance (ohms)	Phase (degrees)
0 	 1000078.125000 	 18.602804 	 36.178829 	
1 	 857765.625000 	 17.681835 	 32.152695 	
2 	 735703.125000 	 16.979513 	 28.359047 	
3 	 630984.375000 	 16.432184 	 24.821402 	
4 	 541171.875000 	 16.003757 	 21.547773 	
5 	 464203.125000 	 15.681345 	 18.583139 	
6 	 398109.375000 	 15.438320 	 15.862471 	
7 	 341484.375000 	 15.251118 	 13.408726 	
8 	 292921.875000 	 15.116620 	 11.228326 	
9 	 251203.140625 	 15.012240 	 9.240644 	
10 	 215484.375000 	 14.938998 	 7.428315 	
11 	 184828.125000 	 14.895346 	 5.809456 	
12 	 158578.125000 	 14.863347 	 4.276788 	
13 	 135984.375000 	 14.854528 	 2.875801 	
14 	 116671.867187 	 14.857349 	 1.543079 	
15 	 100078.125000 	 14.870104 	 0.307886 	
16 	 85828.125000 	 14.897457 	 -0.950625 	
17 	 73640.625000 	 14.933279 	 -2.184906 	
18 	 63140.625000 	 14.991797 	 -3.444562 	
19 	 54140.625000 	 15.055278 	 -4.740806 	
20 	 46453.125000 	 15.142274 	 -6.091794 	
21 	 39890.625000 	 15.237572 	 -7.499984 	
22 	 34171.875000 	 15.366913 	 -9.045294 	
23 	 29296.875000 	 15.516853 	 -10.667444 	
24 	 25171.875000 	 15.695586 	 -12.425611 	
25 	 21609.375000 	 15.913551 	 -14.349888 	
26 	 18515.625000 	 16.174635 	 -16.456701 	
27 	 15890.625000 	 16.496500 	 -18.762562 	
28 	 13640.625000 	 16.879656 	 -21.256828 	
29 	 11671.875000 	 17.358992 	 -24.046371 	
30 	 10078.125000 	 17.914452 	 -26.885952 	
31 	 8578.125000 	 18.659557 	 -30.258356 	
32 	 7359.375488 	 19.543850 	 -33.665886 	
33 	 6328.125000 	 20.619793 	 -37.187523 	
34 	 5376.838379 	 22.052067 	 -41.098595 	
35 	 4641.543945 	 23.635395 	 -44.699921 	
36 	 3984.374756 	 25.644205 	 -48.418434 	
37 	 3421.875000 	 28.071190 	 -52.025757 	
38 	 2953.125000 	 30.868338 	 -55.385727 	
39 	 2527.573486 	 34.429115 	 -58.768993 	
40 	 2159.926514 	 38.677654 	 -61.870468 	
41 	 1847.956665 	 43.741825 	 -64.777924 	
42 	 1577.524048 	 49.760281 	 -67.415619 	
43 	 1359.375000 	 56.426792 	 -69.630333 	
44 	 1171.875000 	 64.204269 	 -71.584618 	
45 	 998.263855 	 73.936272 	 -73.538490 	
46 	 856.370239 	 84.888199 	 -75.105957 	
47 	 737.847229 	 97.229797 	 -76.426987 	
48 	 627.790161 	 112.905098 	 -77.831505 	
49 	 544.084778 	 128.920395 	 -78.809441 	
50 	 460.379456 	 150.525070 	 -79.834793 	
51 	 397.995270 	 172.542908 	 -80.621223 	
52 	 340.221771 	 199.983231 	 -81.359749 	
53 	 292.968750 	 230.297150 	 -81.967743 	
54 	 252.403839 	 265.159943 	 -82.504364 	
55 	 217.013885 	 305.998199 	 -82.972641 	
56 	 186.011902 	 352.988068 	 -83.317978 	
57 	 158.361496 	 412.010223 	 -83.702988 	
58 	 135.216339 	 479.262024 	 -84.024513 	
59 	 117.187500 	 549.427612 	 -84.288528 	
