IMPEDANCE MEASUREMENT 
5:52:55.993 PM 2026-10-06
Chamber temperature (K): 296.45
Chamber pressure (MPa): 77.06
Description: 	Default
Driving voltage (V): 0.01
Start freq (Hz): 1E+6
Stop freq (Hz): 1E+2
# freq steps: 60
Index #	Frequency (Hz)	Impedance (ohms)	Phase (degrees)
0 	 1000078.125000 	 18.748051 	 35.804203 	
1 	 857765.625000 	 17.862099 	 31.783443 	
2 	 735703.125000 	 17.159353 	 28.013308 	
3 	 630984.375000 	 16.612135 	 24.473236 	
4 	 541171.875000 	 16.190878 	 21.261108 	
5 	 464203.125000 	 15.870440 	 18.316347 	
6 	 398109.375000 	 15.627935 	 15.644568 	
7 	 341484.375000 	 15.447494 	 13.206496 	
8 	 292921.875000 	 15.307223 	 11.039469 	
9 	 251203.140625 	 15.205291 	 9.078851 	
10 	 215484.375000 	 15.141683 	 7.290824 	
11 	 184828.125000 	 15.099787 	 5.648379 	
12 	 158578.125000 	 15.064770 	 4.176989 	
13 	 135984.375000 	 15.058227 	 2.779827 	
14 	 116671.867187 	 15.057306 	 1.451082 	
15 	 100078.125000 	 15.074704 	 0.192103 	
16 	 85828.125000 	 15.104873 	 -1.057780 	
17 	 73640.625000 	 15.144065 	 -2.300576 	
18 	 63140.625000 	 15.198206 	 -3.559684 	
19 	 54140.625000 	 15.266778 	 -4.856647 	
20 	 46453.125000 	 15.351465 	 -6.201645 	
21 	 39890.625000 	 15.459837 	 -7.628121 	
22 	 34171.875000 	 15.589929 	 -9.177121 	
23 	 29296.875000 	 15.743654 	 -10.824252 	
24 	 25171.875000 	 15.926545 	 -12.588340 	
25 	 21609.375000 	 16.150980 	 -14.515014 	
26 	 18515.625000 	 16.427946 	 -16.663860 	
27 	 15890.625000 	 16.752480 	 -18.979097 	
28 	 13640.625000 	 17.150097 	 -21.490480 	
29 	 11671.875000 	 17.646973 	 -24.284710 	
30 	 10078.125000 	 18.218424 	 -27.138884 	
31 	 8578.125000 	 18.993242 	 -30.527933 	
32 	 7359.375488 	 19.902557 	 -33.955334 	
33 	 6328.125000 	 21.009840 	 -37.473408 	
34 	 5376.838379 	 22.488291 	 -41.406540 	
35 	 4641.543945 	 24.131538 	 -44.968151 	
36 	 3984.374756 	 26.195328 	 -48.685841 	
37 	 3421.875000 	 28.683750 	 -52.296864 	
38 	 2953.125000 	 31.567276 	 -55.631847 	
39 	 2527.573486 	 35.224430 	 -58.956245 	
40 	 2159.926514 	 39.625946 	 -62.073376 	
41 	 1847.956665 	 44.780251 	 -64.913452 	
42 	 1577.524048 	 50.987278 	 -67.558174 	
43 	 1359.375000 	 57.833233 	 -69.726784 	
44 	 1171.875000 	 65.785446 	 -71.695312 	
45 	 998.263855 	 75.757492 	 -73.583214 	
46 	 856.370239 	 86.967979 	 -75.157402 	
47 	 737.847229 	 99.581230 	 -76.514931 	
48 	 627.790161 	 115.628555 	 -77.805992 	
49 	 544.084778 	 131.790146 	 -78.859818 	
50 	 460.379456 	 154.201309 	 -79.838486 	
51 	 397.995270 	 176.743820 	 -80.608337 	
52 	 340.221771 	 204.842117 	 -81.342361 	
53 	 292.968750 	 235.867203 	 -81.949844 	
54 	 252.403839 	 271.558075 	 -82.473091 	
55 	 217.013885 	 311.629852 	 -82.859337 	
56 	 186.011902 	 361.703186 	 -83.280487 	
57 	 158.361496 	 422.024872 	 -83.656738 	
58 	 135.216339 	 490.756958 	 -83.986305 	
59 	 117.187500 	 562.468323 	 -84.227539 	
