IMPEDANCE MEASUREMENT 
5:23:02.246 PM 2026-10-06
Chamber temperature (K): 296.49
Chamber pressure (MPa): 200.33
Description: 	Default
Driving voltage (V): 0.01
Start freq (Hz): 1E+6
Stop freq (Hz): 1E+2
# freq steps: 60
Index #	Frequency (Hz)	Impedance (ohms)	Phase (degrees)
0 	 1000078.125000 	 18.309431 	 36.749149 	
1 	 857765.625000 	 17.409393 	 32.734932 	
2 	 735703.125000 	 16.694748 	 28.901075 	
3 	 630984.375000 	 16.128693 	 25.282431 	
4 	 541171.875000 	 15.704000 	 21.972160 	
5 	 464203.125000 	 15.368765 	 18.960573 	
6 	 398109.375000 	 15.117427 	 16.186119 	
7 	 341484.375000 	 14.928321 	 13.716199 	
8 	 292921.875000 	 14.787504 	 11.486669 	
9 	 251203.140625 	 14.681314 	 9.430838 	
10 	 215484.375000 	 14.610437 	 7.604099 	
11 	 184828.125000 	 14.566280 	 5.883841 	
12 	 158578.125000 	 14.533394 	 4.363791 	
13 	 135984.375000 	 14.529222 	 2.917829 	
14 	 116671.867187 	 14.528021 	 1.549433 	
15 	 100078.125000 	 14.544277 	 0.248567 	
16 	 85828.125000 	 14.572475 	 -1.041617 	
17 	 73640.625000 	 14.613997 	 -2.319142 	
18 	 63140.625000 	 14.663575 	 -3.615539 	
19 	 54140.625000 	 14.739100 	 -4.951164 	
20 	 46453.125000 	 14.821176 	 -6.324928 	
21 	 39890.625000 	 14.930819 	 -7.791652 	
22 	 34171.875000 	 15.056310 	 -9.360798 	
23 	 29296.875000 	 15.214982 	 -11.054064 	
24 	 25171.875000 	 15.397428 	 -12.861795 	
25 	 21609.375000 	 15.621113 	 -14.830309 	
26 	 18515.625000 	 15.893045 	 -17.009012 	
27 	 15890.625000 	 16.222744 	 -19.377199 	
28 	 13640.625000 	 16.618486 	 -21.933090 	
29 	 11671.875000 	 17.116220 	 -24.790672 	
30 	 10078.125000 	 17.689262 	 -27.688322 	
31 	 8578.125000 	 18.461218 	 -31.127007 	
32 	 7359.375488 	 19.379965 	 -34.583694 	
33 	 6328.125000 	 20.491682 	 -38.127598 	
34 	 5376.838379 	 21.971285 	 -42.089706 	
35 	 4641.543945 	 23.609118 	 -45.666393 	
36 	 3984.374756 	 25.675789 	 -49.363831 	
37 	 3421.875000 	 28.166920 	 -52.947308 	
38 	 2953.125000 	 31.037786 	 -56.284901 	
39 	 2527.573486 	 34.671097 	 -59.562508 	
40 	 2159.926514 	 39.053291 	 -62.650185 	
41 	 1847.956665 	 44.188526 	 -65.418427 	
42 	 1577.524048 	 50.381382 	 -68.008209 	
43 	 1359.375000 	 57.184555 	 -70.144989 	
44 	 1171.875000 	 65.062195 	 -72.097275 	
45 	 998.263855 	 74.966919 	 -73.918175 	
46 	 856.370239 	 86.143860 	 -75.470680 	
47 	 737.847229 	 98.655983 	 -76.820984 	
48 	 627.790161 	 114.579071 	 -78.072105 	
49 	 544.084778 	 130.810455 	 -79.046654 	
50 	 460.379456 	 152.880569 	 -80.033424 	
51 	 397.995270 	 175.273102 	 -80.793243 	
52 	 340.221771 	 203.153931 	 -81.500549 	
53 	 292.968750 	 233.967636 	 -82.093651 	
54 	 252.403839 	 269.437622 	 -82.605858 	
55 	 217.013885 	 309.145569 	 -82.979340 	
56 	 186.011902 	 358.826141 	 -83.393379 	
57 	 158.361496 	 418.748016 	 -83.760254 	
58 	 135.216339 	 487.063202 	 -84.069130 	
59 	 117.187500 	 558.331055 	 -84.310112 	
