IMPEDANCE MEASUREMENT 
3:30:42.040 PM 2026-10-06
Chamber temperature (K): 296.42
Chamber pressure (MPa): 199.98
Description: 	Default
Driving voltage (V): 0.01
Start freq (Hz): 1E+6
Stop freq (Hz): 1E+2
# freq steps: 60
Index #	Frequency (Hz)	Impedance (ohms)	Phase (degrees)
0 	 1000078.125000 	 18.338202 	 36.771645 	
1 	 857765.625000 	 17.434013 	 32.705109 	
2 	 735703.125000 	 16.709768 	 28.882122 	
3 	 630984.375000 	 16.154852 	 25.284634 	
4 	 541171.875000 	 15.724695 	 21.971937 	
5 	 464203.125000 	 15.391336 	 18.924763 	
6 	 398109.375000 	 15.138246 	 16.185186 	
7 	 341484.375000 	 14.948904 	 13.716417 	
8 	 292921.875000 	 14.818422 	 11.477625 	
9 	 251203.140625 	 14.708270 	 9.455671 	
10 	 215484.375000 	 14.639266 	 7.620586 	
11 	 184828.125000 	 14.598967 	 5.940644 	
12 	 158578.125000 	 14.560216 	 4.408658 	
13 	 135984.375000 	 14.553453 	 2.974725 	
14 	 116671.867187 	 14.557221 	 1.627089 	
15 	 100078.125000 	 14.571108 	 0.317537 	
16 	 85828.125000 	 14.596786 	 -0.945806 	
17 	 73640.625000 	 14.636553 	 -2.214046 	
18 	 63140.625000 	 14.686138 	 -3.501302 	
19 	 54140.625000 	 14.755694 	 -4.801783 	
20 	 46453.125000 	 14.841163 	 -6.174344 	
21 	 39890.625000 	 14.942769 	 -7.617185 	
22 	 34171.875000 	 15.069380 	 -9.170539 	
23 	 29296.875000 	 15.218409 	 -10.833949 	
24 	 25171.875000 	 15.399396 	 -12.620440 	
25 	 21609.375000 	 15.619453 	 -14.558135 	
26 	 18515.625000 	 15.885986 	 -16.711309 	
27 	 15890.625000 	 16.202219 	 -19.039587 	
28 	 13640.625000 	 16.589214 	 -21.562313 	
29 	 11671.875000 	 17.074074 	 -24.389824 	
30 	 10078.125000 	 17.630445 	 -27.274109 	
31 	 8578.125000 	 18.383471 	 -30.658392 	
32 	 7359.375488 	 19.272785 	 -34.095650 	
33 	 6328.125000 	 20.355759 	 -37.640099 	
34 	 5376.838379 	 21.791418 	 -41.555599 	
35 	 4641.543945 	 23.391222 	 -45.156628 	
36 	 3984.374756 	 25.414862 	 -48.893852 	
37 	 3421.875000 	 27.832066 	 -52.483044 	
38 	 2953.125000 	 30.632429 	 -55.796124 	
39 	 2527.573486 	 34.215641 	 -59.174419 	
40 	 2159.926514 	 38.493832 	 -62.312210 	
41 	 1847.956665 	 43.508934 	 -65.061119 	
42 	 1577.524048 	 49.565838 	 -67.731956 	
43 	 1359.375000 	 56.212135 	 -69.907867 	
44 	 1171.875000 	 63.980862 	 -71.853554 	
45 	 998.263855 	 73.759300 	 -73.741852 	
46 	 856.370239 	 84.672401 	 -75.295250 	
47 	 737.847229 	 97.005844 	 -76.635406 	
48 	 627.790161 	 112.598877 	 -77.957733 	
49 	 544.084778 	 128.641052 	 -78.981117 	
50 	 460.379456 	 150.233826 	 -79.957169 	
51 	 397.995270 	 172.226837 	 -80.725906 	
52 	 340.221771 	 199.644043 	 -81.451691 	
53 	 292.968750 	 229.913971 	 -82.055054 	
54 	 252.403839 	 264.781677 	 -82.580261 	
55 	 217.013885 	 305.562744 	 -83.036758 	
56 	 186.011902 	 352.429749 	 -83.371758 	
57 	 158.361496 	 411.427399 	 -83.747147 	
58 	 135.216339 	 478.521820 	 -84.070358 	
59 	 117.187500 	 548.609131 	 -84.315872 	
