IMPEDANCE MEASUREMENT 
5:36:54.425 PM 2026-10-06
Chamber temperature (K): 296.47
Chamber pressure (MPa): 152.42
Description: 	Default
Driving voltage (V): 0.01
Start freq (Hz): 1E+6
Stop freq (Hz): 1E+2
# freq steps: 60
Index #	Frequency (Hz)	Impedance (ohms)	Phase (degrees)
0 	 1000078.125000 	 18.456079 	 36.402267 	
1 	 857765.625000 	 17.560553 	 32.408161 	
2 	 735703.125000 	 16.848055 	 28.571356 	
3 	 630984.375000 	 16.300064 	 24.993050 	
4 	 541171.875000 	 15.867773 	 21.706661 	
5 	 464203.125000 	 15.545207 	 18.718819 	
6 	 398109.375000 	 15.289301 	 16.005535 	
7 	 341484.375000 	 15.106104 	 13.530349 	
8 	 292921.875000 	 14.961913 	 11.315578 	
9 	 251203.140625 	 14.863990 	 9.272159 	
10 	 215484.375000 	 14.786445 	 7.490841 	
11 	 184828.125000 	 14.745549 	 5.800031 	
12 	 158578.125000 	 14.722555 	 4.314047 	
13 	 135984.375000 	 14.705433 	 2.863205 	
14 	 116671.867187 	 14.710166 	 1.514986 	
15 	 100078.125000 	 14.724701 	 0.232303 	
16 	 85828.125000 	 14.752581 	 -1.028354 	
17 	 73640.625000 	 14.792372 	 -2.308817 	
18 	 63140.625000 	 14.847525 	 -3.585151 	
19 	 54140.625000 	 14.915945 	 -4.911025 	
20 	 46453.125000 	 15.002946 	 -6.278011 	
21 	 39890.625000 	 15.105645 	 -7.727078 	
22 	 34171.875000 	 15.237059 	 -9.286881 	
23 	 29296.875000 	 15.391382 	 -10.956598 	
24 	 25171.875000 	 15.576009 	 -12.747220 	
25 	 21609.375000 	 15.800462 	 -14.705158 	
26 	 18515.625000 	 16.070738 	 -16.857098 	
27 	 15890.625000 	 16.397837 	 -19.196085 	
28 	 13640.625000 	 16.791529 	 -21.761723 	
29 	 11671.875000 	 17.290241 	 -24.602654 	
30 	 10078.125000 	 17.858627 	 -27.480213 	
31 	 8578.125000 	 18.630020 	 -30.894987 	
32 	 7359.375488 	 19.543806 	 -34.327328 	
33 	 6328.125000 	 20.654520 	 -37.871391 	
34 	 5376.838379 	 22.131296 	 -41.808132 	
35 	 4641.543945 	 23.762375 	 -45.393059 	
36 	 3984.374756 	 25.829212 	 -49.095985 	
37 	 3421.875000 	 28.306448 	 -52.664791 	
38 	 2953.125000 	 31.180281 	 -56.028122 	
39 	 2527.573486 	 34.830051 	 -59.302402 	
40 	 2159.926514 	 39.187584 	 -62.437687 	
41 	 1847.956665 	 44.326416 	 -65.264099 	
42 	 1577.524048 	 50.500439 	 -67.802238 	
43 	 1359.375000 	 57.295719 	 -70.023521 	
44 	 1171.875000 	 65.219612 	 -71.893745 	
45 	 998.263855 	 75.147629 	 -73.824257 	
46 	 856.370239 	 86.339813 	 -75.365097 	
47 	 737.847229 	 98.915497 	 -76.755791 	
48 	 627.790161 	 114.683594 	 -77.993965 	
49 	 544.084778 	 131.147888 	 -78.989548 	
50 	 460.379456 	 153.113846 	 -79.967636 	
51 	 397.995270 	 175.508286 	 -80.738144 	
52 	 340.221771 	 203.442932 	 -81.459862 	
53 	 292.968750 	 234.299698 	 -82.055389 	
54 	 252.403839 	 269.798584 	 -82.576988 	
55 	 217.013885 	 309.565704 	 -82.956741 	
56 	 186.011902 	 359.313843 	 -83.362549 	
57 	 158.361496 	 419.308899 	 -83.743149 	
58 	 135.216339 	 487.678101 	 -84.055756 	
59 	 117.187500 	 559.084961 	 -84.301392 	
