IMPEDANCE MEASUREMENT 
4:28:05.162 PM 2026-10-06
Chamber temperature (K): 296.43
Chamber pressure (MPa): 49.87
Description: 	Default
Driving voltage (V): 0.01
Start freq (Hz): 1E+6
Stop freq (Hz): 1E+2
# freq steps: 60
Index #	Frequency (Hz)	Impedance (ohms)	Phase (degrees)
0 	 1000078.125000 	 18.663036 	 36.048107 	
1 	 857765.625000 	 17.766109 	 32.028355 	
2 	 735703.125000 	 17.058357 	 28.223907 	
3 	 630984.375000 	 16.513426 	 24.662140 	
4 	 541171.875000 	 16.093119 	 21.396835 	
5 	 464203.125000 	 15.763846 	 18.419655 	
6 	 398109.375000 	 15.523148 	 15.745009 	
7 	 341484.375000 	 15.337837 	 13.320335 	
8 	 292921.875000 	 15.206194 	 11.150548 	
9 	 251203.140625 	 15.108706 	 9.138691 	
10 	 215484.375000 	 15.039412 	 7.332146 	
11 	 184828.125000 	 14.989589 	 5.701072 	
12 	 158578.125000 	 14.964387 	 4.194977 	
13 	 135984.375000 	 14.948058 	 2.783899 	
14 	 116671.867187 	 14.957476 	 1.437937 	
15 	 100078.125000 	 14.975682 	 0.170389 	
16 	 85828.125000 	 15.001985 	 -1.080970 	
17 	 73640.625000 	 15.043941 	 -2.332499 	
18 	 63140.625000 	 15.100546 	 -3.588515 	
19 	 54140.625000 	 15.172236 	 -4.909941 	
20 	 46453.125000 	 15.257186 	 -6.277304 	
21 	 39890.625000 	 15.362510 	 -7.712302 	
22 	 34171.875000 	 15.493860 	 -9.271660 	
23 	 29296.875000 	 15.650759 	 -10.932036 	
24 	 25171.875000 	 15.842075 	 -12.720322 	
25 	 21609.375000 	 16.065870 	 -14.681216 	
26 	 18515.625000 	 16.342663 	 -16.832565 	
27 	 15890.625000 	 16.674553 	 -19.161791 	
28 	 13640.625000 	 17.076862 	 -21.717802 	
29 	 11671.875000 	 17.577429 	 -24.542824 	
30 	 10078.125000 	 18.155174 	 -27.415548 	
31 	 8578.125000 	 18.941185 	 -30.823282 	
32 	 7359.375488 	 19.870640 	 -34.250698 	
33 	 6328.125000 	 20.994654 	 -37.787296 	
34 	 5376.838379 	 22.494446 	 -41.731079 	
35 	 4641.543945 	 24.151529 	 -45.305614 	
36 	 3984.374756 	 26.245586 	 -48.998589 	
37 	 3421.875000 	 28.761530 	 -52.594376 	
38 	 2953.125000 	 31.673435 	 -55.874573 	
39 	 2527.573486 	 35.349701 	 -59.226261 	
40 	 2159.926514 	 39.785233 	 -62.280945 	
41 	 1847.956665 	 44.988220 	 -65.103081 	
42 	 1577.524048 	 51.219563 	 -67.702812 	
43 	 1359.375000 	 58.154602 	 -69.851341 	
44 	 1171.875000 	 66.123245 	 -71.799484 	
45 	 998.263855 	 76.185127 	 -73.670822 	
46 	 856.370239 	 87.492996 	 -75.190887 	
47 	 737.847229 	 100.214264 	 -76.566322 	
48 	 627.790161 	 116.257675 	 -77.771736 	
49 	 544.084778 	 132.719376 	 -78.816368 	
50 	 460.379456 	 155.006973 	 -79.806076 	
51 	 397.995270 	 177.648636 	 -80.567780 	
52 	 340.221771 	 205.834259 	 -81.291267 	
53 	 292.968750 	 237.011276 	 -81.882782 	
54 	 252.403839 	 272.830139 	 -82.402740 	
55 	 217.013885 	 312.852722 	 -82.782318 	
56 	 186.011902 	 363.016846 	 -83.191650 	
57 	 158.361496 	 423.578522 	 -83.559799 	
58 	 135.216339 	 492.574005 	 -83.874367 	
59 	 117.187500 	 564.596741 	 -84.137596 	
