IMPEDANCE MEASUREMENT 
3:36:12.841 PM 2026-10-06
Chamber temperature (K): 296.42
Chamber pressure (MPa): 173.34
Description: 	Default
Driving voltage (V): 0.01
Start freq (Hz): 1E+6
Stop freq (Hz): 1E+2
# freq steps: 60
Index #	Frequency (Hz)	Impedance (ohms)	Phase (degrees)
0 	 1000078.125000 	 18.440113 	 36.508678 	
1 	 857765.625000 	 17.542099 	 32.465797 	
2 	 735703.125000 	 16.834593 	 28.665920 	
3 	 630984.375000 	 16.277983 	 25.076044 	
4 	 541171.875000 	 15.849207 	 21.803198 	
5 	 464203.125000 	 15.523141 	 18.783236 	
6 	 398109.375000 	 15.272384 	 16.053802 	
7 	 341484.375000 	 15.081654 	 13.571967 	
8 	 292921.875000 	 14.945408 	 11.371550 	
9 	 251203.140625 	 14.841972 	 9.363790 	
10 	 215484.375000 	 14.775681 	 7.548695 	
11 	 184828.125000 	 14.726706 	 5.871037 	
12 	 158578.125000 	 14.700842 	 4.373715 	
13 	 135984.375000 	 14.685326 	 2.924497 	
14 	 116671.867187 	 14.680449 	 1.607750 	
15 	 100078.125000 	 14.702639 	 0.307988 	
16 	 85828.125000 	 14.730216 	 -0.949187 	
17 	 73640.625000 	 14.769419 	 -2.200205 	
18 	 63140.625000 	 14.820462 	 -3.462682 	
19 	 54140.625000 	 14.886272 	 -4.775708 	
20 	 46453.125000 	 14.969356 	 -6.123804 	
21 	 39890.625000 	 15.072935 	 -7.562880 	
22 	 34171.875000 	 15.197681 	 -9.107868 	
23 	 29296.875000 	 15.349875 	 -10.764428 	
24 	 25171.875000 	 15.530051 	 -12.526643 	
25 	 21609.375000 	 15.748326 	 -14.453832 	
26 	 18515.625000 	 16.009275 	 -16.587435 	
27 	 15890.625000 	 16.328730 	 -18.900669 	
28 	 13640.625000 	 16.715311 	 -21.421562 	
29 	 11671.875000 	 17.194574 	 -24.232626 	
30 	 10078.125000 	 17.749165 	 -27.103128 	
31 	 8578.125000 	 18.501722 	 -30.470537 	
32 	 7359.375488 	 19.386391 	 -33.886879 	
33 	 6328.125000 	 20.466362 	 -37.415504 	
34 	 5376.838379 	 21.902882 	 -41.354389 	
35 	 4641.543945 	 23.488482 	 -44.936321 	
36 	 3984.374756 	 25.507284 	 -48.651279 	
37 	 3421.875000 	 27.921488 	 -52.269176 	
38 	 2953.125000 	 30.733561 	 -55.611404 	
39 	 2527.573486 	 34.286705 	 -58.984089 	
40 	 2159.926514 	 38.548569 	 -62.113377 	
41 	 1847.956665 	 43.610649 	 -64.930412 	
42 	 1577.524048 	 49.623810 	 -67.561195 	
43 	 1359.375000 	 56.289757 	 -69.788933 	
44 	 1171.875000 	 64.048210 	 -71.735161 	
45 	 998.263855 	 73.840897 	 -73.616890 	
46 	 856.370239 	 84.738823 	 -75.254921 	
47 	 737.847229 	 97.018433 	 -76.594772 	
48 	 627.790161 	 112.609039 	 -77.963982 	
49 	 544.084778 	 128.721603 	 -78.887932 	
50 	 460.379456 	 150.299911 	 -79.906410 	
51 	 397.995270 	 172.305115 	 -80.684883 	
52 	 340.221771 	 199.721298 	 -81.418633 	
53 	 292.968750 	 230.013443 	 -82.022552 	
54 	 252.403839 	 264.851501 	 -82.554207 	
55 	 217.013885 	 305.681244 	 -83.015701 	
56 	 186.011902 	 352.514038 	 -83.361160 	
57 	 158.361496 	 411.550659 	 -83.742790 	
58 	 135.216339 	 478.734650 	 -84.057053 	
59 	 117.187500 	 548.918579 	 -84.315636 	
