IMPEDANCE MEASUREMENT 
5:05:10.924 PM 2026-10-06
Chamber temperature (K): 296.47
Chamber pressure (MPa): 150.1
Description: 	Default
Driving voltage (V): 0.01
Start freq (Hz): 1E+6
Stop freq (Hz): 1E+2
# freq steps: 60
Index #	Frequency (Hz)	Impedance (ohms)	Phase (degrees)
0 	 1000078.125000 	 18.344294 	 36.770428 	
1 	 857765.625000 	 17.441603 	 32.665096 	
2 	 735703.125000 	 16.729416 	 28.838879 	
3 	 630984.375000 	 16.171284 	 25.224155 	
4 	 541171.875000 	 15.735585 	 21.930508 	
5 	 464203.125000 	 15.407484 	 18.871891 	
6 	 398109.375000 	 15.153329 	 16.148787 	
7 	 341484.375000 	 14.963561 	 13.685992 	
8 	 292921.875000 	 14.825244 	 11.437455 	
9 	 251203.140625 	 14.725605 	 9.380913 	
10 	 215484.375000 	 14.659980 	 7.551173 	
11 	 184828.125000 	 14.610335 	 5.881606 	
12 	 158578.125000 	 14.578324 	 4.312675 	
13 	 135984.375000 	 14.566310 	 2.864244 	
14 	 116671.867187 	 14.573787 	 1.499873 	
15 	 100078.125000 	 14.591355 	 0.212269 	
16 	 85828.125000 	 14.616827 	 -1.075106 	
17 	 73640.625000 	 14.661606 	 -2.353119 	
18 	 63140.625000 	 14.713866 	 -3.652939 	
19 	 54140.625000 	 14.782831 	 -4.984064 	
20 	 46453.125000 	 14.871608 	 -6.378488 	
21 	 39890.625000 	 14.977895 	 -7.832853 	
22 	 34171.875000 	 15.108382 	 -9.430392 	
23 	 29296.875000 	 15.263842 	 -11.126922 	
24 	 25171.875000 	 15.449650 	 -12.943150 	
25 	 21609.375000 	 15.679118 	 -14.927673 	
26 	 18515.625000 	 15.954691 	 -17.111692 	
27 	 15890.625000 	 16.282785 	 -19.487885 	
28 	 13640.625000 	 16.688782 	 -22.065630 	
29 	 11671.875000 	 17.191734 	 -24.937603 	
30 	 10078.125000 	 17.772163 	 -27.858116 	
31 	 8578.125000 	 18.556572 	 -31.305876 	
32 	 7359.375488 	 19.483334 	 -34.770088 	
33 	 6328.125000 	 20.612129 	 -38.327087 	
34 	 5376.838379 	 22.117558 	 -42.288132 	
35 	 4641.543945 	 23.784481 	 -45.862953 	
36 	 3984.374756 	 25.875362 	 -49.576694 	
37 	 3421.875000 	 28.391451 	 -53.138844 	
38 	 2953.125000 	 31.316608 	 -56.420361 	
39 	 2527.573486 	 34.991940 	 -59.717293 	
40 	 2159.926514 	 39.417183 	 -62.768848 	
41 	 1847.956665 	 44.621582 	 -65.530090 	
42 	 1577.524048 	 50.867428 	 -68.116417 	
43 	 1359.375000 	 57.705772 	 -70.232620 	
44 	 1171.875000 	 65.710083 	 -72.150475 	
45 	 998.263855 	 75.750107 	 -73.995163 	
46 	 856.370239 	 86.993149 	 -75.520233 	
47 	 737.847229 	 99.686073 	 -76.867416 	
48 	 627.790161 	 115.731232 	 -78.087189 	
49 	 544.084778 	 132.067017 	 -79.048233 	
50 	 460.379456 	 154.354553 	 -80.011650 	
51 	 397.995270 	 176.937653 	 -80.760544 	
52 	 340.221771 	 205.070786 	 -81.467720 	
53 	 292.968750 	 236.150909 	 -82.050545 	
54 	 252.403839 	 271.908295 	 -82.554260 	
55 	 217.013885 	 311.863220 	 -82.927986 	
56 	 186.011902 	 361.967377 	 -83.328888 	
57 	 158.361496 	 422.449219 	 -83.689774 	
58 	 135.216339 	 491.279236 	 -84.008133 	
59 	 117.187500 	 563.017883 	 -84.241676 	
