IMPEDANCE MEASUREMENT 
2:49:02.222 PM 2026-10-06
Chamber temperature (K): 296.36
Chamber pressure (MPa): 125.48
Description: 	Default
Driving voltage (V): 0.01
Start freq (Hz): 1E+6
Stop freq (Hz): 1E+2
# freq steps: 60
Index #	Frequency (Hz)	Impedance (ohms)	Phase (degrees)
0 	 1000078.125000 	 18.444998 	 36.396221 	
1 	 857765.625000 	 17.546263 	 32.407970 	
2 	 735703.125000 	 16.831188 	 28.557314 	
3 	 630984.375000 	 16.274670 	 25.001848 	
4 	 541171.875000 	 15.852667 	 21.713984 	
5 	 464203.125000 	 15.524866 	 18.714453 	
6 	 398109.375000 	 15.274552 	 15.999605 	
7 	 341484.375000 	 15.091125 	 13.546715 	
8 	 292921.875000 	 14.947699 	 11.290845 	
9 	 251203.140625 	 14.849830 	 9.317764 	
10 	 215484.375000 	 14.774806 	 7.495378 	
11 	 184828.125000 	 14.732481 	 5.805020 	
12 	 158578.125000 	 14.703234 	 4.288007 	
13 	 135984.375000 	 14.692404 	 2.856459 	
14 	 116671.867187 	 14.693307 	 1.479792 	
15 	 100078.125000 	 14.709086 	 0.186829 	
16 	 85828.125000 	 14.738442 	 -1.099666 	
17 	 73640.625000 	 14.778026 	 -2.366991 	
18 	 63140.625000 	 14.831850 	 -3.653276 	
19 	 54140.625000 	 14.903635 	 -4.982835 	
20 	 46453.125000 	 14.989126 	 -6.378041 	
21 	 39890.625000 	 15.093739 	 -7.844161 	
22 	 34171.875000 	 15.226794 	 -9.421618 	
23 	 29296.875000 	 15.380183 	 -11.113599 	
24 	 25171.875000 	 15.571824 	 -12.910614 	
25 	 21609.375000 	 15.797067 	 -14.907118 	
26 	 18515.625000 	 16.079208 	 -17.084877 	
27 	 15890.625000 	 16.408943 	 -19.460699 	
28 	 13640.625000 	 16.812391 	 -22.040537 	
29 	 11671.875000 	 17.325182 	 -24.906822 	
30 	 10078.125000 	 17.904625 	 -27.820856 	
31 	 8578.125000 	 18.697714 	 -31.247511 	
32 	 7359.375488 	 19.633814 	 -34.709606 	
33 	 6328.125000 	 20.765520 	 -38.272022 	
34 	 5376.838379 	 22.279730 	 -42.208130 	
35 	 4641.543945 	 23.951479 	 -45.788551 	
36 	 3984.374756 	 26.055473 	 -49.463867 	
37 	 3421.875000 	 28.590136 	 -53.009571 	
38 	 2953.125000 	 31.524126 	 -56.331768 	
39 	 2527.573486 	 35.219677 	 -59.566643 	
40 	 2159.926514 	 39.664997 	 -62.636852 	
41 	 1847.956665 	 44.902134 	 -65.416504 	
42 	 1577.524048 	 51.147663 	 -67.943085 	
43 	 1359.375000 	 58.067226 	 -70.061775 	
44 	 1171.875000 	 66.034592 	 -71.989853 	
45 	 998.263855 	 76.140366 	 -73.779137 	
46 	 856.370239 	 87.389084 	 -75.355835 	
47 	 737.847229 	 100.100929 	 -76.646576 	
48 	 627.790161 	 116.023529 	 -77.951958 	
49 	 544.084778 	 132.528580 	 -78.888741 	
50 	 460.379456 	 154.829391 	 -79.838051 	
51 	 397.995270 	 177.427170 	 -80.589020 	
52 	 340.221771 	 205.571793 	 -81.290512 	
53 	 292.968750 	 236.649551 	 -81.876183 	
54 	 252.403839 	 272.391663 	 -82.382980 	
55 	 217.013885 	 312.273041 	 -82.750694 	
56 	 186.011902 	 362.300629 	 -83.155006 	
57 	 158.361496 	 422.662598 	 -83.523499 	
58 	 135.216339 	 491.391754 	 -83.831924 	
59 	 117.187500 	 563.147522 	 -84.086960 	
