IMPEDANCE MEASUREMENT 
4:20:56.860 PM 2026-10-06
Chamber temperature (K): 296.41
Chamber pressure (MPa): 25.29
Description: 	Default
Driving voltage (V): 0.01
Start freq (Hz): 1E+6
Stop freq (Hz): 1E+2
# freq steps: 60
Index #	Frequency (Hz)	Impedance (ohms)	Phase (degrees)
0 	 1000078.125000 	 18.870491 	 35.597454 	
1 	 857765.625000 	 17.970659 	 31.603743 	
2 	 735703.125000 	 17.278801 	 27.840885 	
3 	 630984.375000 	 16.729652 	 24.304956 	
4 	 541171.875000 	 16.318356 	 21.109211 	
5 	 464203.125000 	 16.002802 	 18.149029 	
6 	 398109.375000 	 15.754483 	 15.511046 	
7 	 341484.375000 	 15.579197 	 13.105066 	
8 	 292921.875000 	 15.440460 	 10.915703 	
9 	 251203.140625 	 15.341099 	 8.981304 	
10 	 215484.375000 	 15.279041 	 7.223585 	
11 	 184828.125000 	 15.238884 	 5.619084 	
12 	 158578.125000 	 15.208609 	 4.121565 	
13 	 135984.375000 	 15.196985 	 2.732468 	
14 	 116671.867187 	 15.208870 	 1.437149 	
15 	 100078.125000 	 15.217199 	 0.190957 	
16 	 85828.125000 	 15.247114 	 -1.036201 	
17 	 73640.625000 	 15.287988 	 -2.286784 	
18 	 63140.625000 	 15.342786 	 -3.531253 	
19 	 54140.625000 	 15.414115 	 -4.822874 	
20 	 46453.125000 	 15.497526 	 -6.153607 	
21 	 39890.625000 	 15.604672 	 -7.563078 	
22 	 34171.875000 	 15.732113 	 -9.097413 	
23 	 29296.875000 	 15.889706 	 -10.740713 	
24 	 25171.875000 	 16.073032 	 -12.490012 	
25 	 21609.375000 	 16.296837 	 -14.423362 	
26 	 18515.625000 	 16.572229 	 -16.537327 	
27 	 15890.625000 	 16.901806 	 -18.844839 	
28 	 13640.625000 	 17.300070 	 -21.349535 	
29 	 11671.875000 	 17.790524 	 -24.144156 	
30 	 10078.125000 	 18.369354 	 -26.983795 	
31 	 8578.125000 	 19.137953 	 -30.337231 	
32 	 7359.375488 	 20.053963 	 -33.740601 	
33 	 6328.125000 	 21.155975 	 -37.251003 	
34 	 5376.838379 	 22.637560 	 -41.168758 	
35 	 4641.543945 	 24.273359 	 -44.755997 	
36 	 3984.374756 	 26.339790 	 -48.449978 	
37 	 3421.875000 	 28.845718 	 -52.069180 	
38 	 2953.125000 	 31.712324 	 -55.400558 	
39 	 2527.573486 	 35.351360 	 -58.780846 	
40 	 2159.926514 	 39.745262 	 -61.902126 	
41 	 1847.956665 	 44.929386 	 -64.730255 	
42 	 1577.524048 	 51.133778 	 -67.322433 	
43 	 1359.375000 	 57.966450 	 -69.517853 	
44 	 1171.875000 	 65.887978 	 -71.518105 	
45 	 998.263855 	 75.993217 	 -73.396698 	
46 	 856.370239 	 87.170235 	 -75.016350 	
47 	 737.847229 	 99.758743 	 -76.428596 	
48 	 627.790161 	 115.774399 	 -77.639984 	
49 	 544.084778 	 132.062836 	 -78.693748 	
50 	 460.379456 	 154.382339 	 -79.700310 	
51 	 397.995270 	 176.909775 	 -80.485802 	
52 	 340.221771 	 205.007675 	 -81.216393 	
53 	 292.968750 	 236.016312 	 -81.824112 	
54 	 252.403839 	 271.721710 	 -82.353706 	
55 	 217.013885 	 311.459137 	 -82.746361 	
56 	 186.011902 	 361.477081 	 -83.158150 	
57 	 158.361496 	 421.802521 	 -83.539482 	
58 	 135.216339 	 490.490265 	 -83.871483 	
59 	 117.187500 	 562.299805 	 -84.111473 	
