IMPEDANCE MEASUREMENT 
3:04:32.387 PM 2026-10-06
Chamber temperature (K): 296.39
Chamber pressure (MPa): 150.09
Description: 	Default
Driving voltage (V): 0.01
Start freq (Hz): 1E+6
Stop freq (Hz): 1E+2
# freq steps: 60
Index #	Frequency (Hz)	Impedance (ohms)	Phase (degrees)
0 	 1000078.125000 	 18.420250 	 36.587276 	
1 	 857765.625000 	 17.493040 	 32.570274 	
2 	 735703.125000 	 16.777586 	 28.737089 	
3 	 630984.375000 	 16.220919 	 25.182013 	
4 	 541171.875000 	 15.794594 	 21.835058 	
5 	 464203.125000 	 15.460899 	 18.845650 	
6 	 398109.375000 	 15.209858 	 16.086536 	
7 	 341484.375000 	 15.022988 	 13.623218 	
8 	 292921.875000 	 14.887262 	 11.370609 	
9 	 251203.140625 	 14.784494 	 9.354935 	
10 	 215484.375000 	 14.711320 	 7.557542 	
11 	 184828.125000 	 14.661848 	 5.863760 	
12 	 158578.125000 	 14.636095 	 4.338542 	
13 	 135984.375000 	 14.622012 	 2.881315 	
14 	 116671.867187 	 14.632071 	 1.542931 	
15 	 100078.125000 	 14.644320 	 0.239505 	
16 	 85828.125000 	 14.673001 	 -1.042490 	
17 	 73640.625000 	 14.717047 	 -2.319884 	
18 	 63140.625000 	 14.765588 	 -3.604377 	
19 	 54140.625000 	 14.835181 	 -4.926601 	
20 	 46453.125000 	 14.920364 	 -6.298940 	
21 	 39890.625000 	 15.027971 	 -7.760738 	
22 	 34171.875000 	 15.155247 	 -9.323664 	
23 	 29296.875000 	 15.310637 	 -11.013584 	
24 	 25171.875000 	 15.494222 	 -12.812767 	
25 	 21609.375000 	 15.719465 	 -14.778281 	
26 	 18515.625000 	 15.992554 	 -16.961538 	
27 	 15890.625000 	 16.320118 	 -19.306925 	
28 	 13640.625000 	 16.715780 	 -21.874403 	
29 	 11671.875000 	 17.214371 	 -24.725487 	
30 	 10078.125000 	 17.790464 	 -27.634853 	
31 	 8578.125000 	 18.567919 	 -31.039234 	
32 	 7359.375488 	 19.484571 	 -34.508770 	
33 	 6328.125000 	 20.599613 	 -38.048557 	
34 	 5376.838379 	 22.088516 	 -41.985653 	
35 	 4641.543945 	 23.734331 	 -45.599998 	
36 	 3984.374756 	 25.798635 	 -49.286900 	
37 	 3421.875000 	 28.294184 	 -52.848175 	
38 	 2953.125000 	 31.184118 	 -56.132637 	
39 	 2527.573486 	 34.836960 	 -59.489109 	
40 	 2159.926514 	 39.204746 	 -62.516724 	
41 	 1847.956665 	 44.356750 	 -65.292625 	
42 	 1577.524048 	 50.532391 	 -67.885590 	
43 	 1359.375000 	 57.362682 	 -69.991013 	
44 	 1171.875000 	 65.255959 	 -71.937897 	
45 	 998.263855 	 75.239891 	 -73.778938 	
46 	 856.370239 	 86.336739 	 -75.353973 	
47 	 737.847229 	 98.894836 	 -76.673454 	
48 	 627.790161 	 114.820526 	 -77.915916 	
49 	 544.084778 	 131.008423 	 -78.954086 	
50 	 460.379456 	 153.159225 	 -79.898582 	
51 	 397.995270 	 175.533569 	 -80.653465 	
52 	 340.221771 	 203.418976 	 -81.367485 	
53 	 292.968750 	 234.226746 	 -81.951271 	
54 	 252.403839 	 269.633148 	 -82.462395 	
55 	 217.013885 	 309.102661 	 -82.837715 	
56 	 186.011902 	 358.785950 	 -83.239822 	
57 	 158.361496 	 418.629852 	 -83.611473 	
58 	 135.216339 	 486.845123 	 -83.921204 	
59 	 117.187500 	 558.054626 	 -84.157730 	
