IMPEDANCE MEASUREMENT 
3:40:17.775 PM 2026-10-06
Chamber temperature (K): 296.42
Chamber pressure (MPa): 151.6
Description: 	Default
Driving voltage (V): 0.01
Start freq (Hz): 1E+6
Stop freq (Hz): 1E+2
# freq steps: 60
Index #	Frequency (Hz)	Impedance (ohms)	Phase (degrees)
0 	 1000078.125000 	 18.518507 	 36.316696 	
1 	 857765.625000 	 17.614370 	 32.314423 	
2 	 735703.125000 	 16.908039 	 28.488985 	
3 	 630984.375000 	 16.347795 	 24.921076 	
4 	 541171.875000 	 15.933831 	 21.677097 	
5 	 464203.125000 	 15.598155 	 18.656378 	
6 	 398109.375000 	 15.344906 	 15.957816 	
7 	 341484.375000 	 15.163267 	 13.484243 	
8 	 292921.875000 	 15.030435 	 11.322718 	
9 	 251203.140625 	 14.925714 	 9.288529 	
10 	 215484.375000 	 14.856209 	 7.490383 	
11 	 184828.125000 	 14.809247 	 5.846463 	
12 	 158578.125000 	 14.775342 	 4.332612 	
13 	 135984.375000 	 14.766702 	 2.914379 	
14 	 116671.867187 	 14.765315 	 1.578582 	
15 	 100078.125000 	 14.785060 	 0.303622 	
16 	 85828.125000 	 14.811159 	 -0.944322 	
17 	 73640.625000 	 14.847976 	 -2.196218 	
18 	 63140.625000 	 14.900224 	 -3.457623 	
19 	 54140.625000 	 14.969185 	 -4.758551 	
20 	 46453.125000 	 15.049725 	 -6.118922 	
21 	 39890.625000 	 15.155174 	 -7.520651 	
22 	 34171.875000 	 15.280782 	 -9.067277 	
23 	 29296.875000 	 15.426897 	 -10.716880 	
24 	 25171.875000 	 15.609491 	 -12.460434 	
25 	 21609.375000 	 15.822872 	 -14.401087 	
26 	 18515.625000 	 16.087942 	 -16.522202 	
27 	 15890.625000 	 16.411972 	 -18.824564 	
28 	 13640.625000 	 16.790821 	 -21.342020 	
29 	 11671.875000 	 17.274385 	 -24.142496 	
30 	 10078.125000 	 17.824987 	 -26.989540 	
31 	 8578.125000 	 18.576672 	 -30.363142 	
32 	 7359.375488 	 19.457331 	 -33.786209 	
33 	 6328.125000 	 20.530100 	 -37.298115 	
34 	 5376.838379 	 21.970940 	 -41.224712 	
35 	 4641.543945 	 23.560114 	 -44.813427 	
36 	 3984.374756 	 25.560265 	 -48.534206 	
37 	 3421.875000 	 27.986206 	 -52.145977 	
38 	 2953.125000 	 30.787199 	 -55.473965 	
39 	 2527.573486 	 34.325222 	 -58.871910 	
40 	 2159.926514 	 38.617538 	 -62.004692 	
41 	 1847.956665 	 43.630081 	 -64.845200 	
42 	 1577.524048 	 49.687599 	 -67.479713 	
43 	 1359.375000 	 56.312237 	 -69.714134 	
44 	 1171.875000 	 64.065636 	 -71.681999 	
45 	 998.263855 	 73.870796 	 -73.598701 	
46 	 856.370239 	 84.811501 	 -75.193642 	
47 	 737.847229 	 97.121071 	 -76.566956 	
48 	 627.790161 	 112.680199 	 -77.876877 	
49 	 544.084778 	 128.597900 	 -78.907433 	
50 	 460.379456 	 150.345490 	 -79.874413 	
51 	 397.995270 	 172.357849 	 -80.664749 	
52 	 340.221771 	 199.770004 	 -81.397873 	
53 	 292.968750 	 230.054687 	 -82.002190 	
54 	 252.403839 	 264.944336 	 -82.533310 	
55 	 217.013885 	 305.727509 	 -83.002907 	
56 	 186.011902 	 352.599915 	 -83.344452 	
57 	 158.361496 	 411.666870 	 -83.721802 	
58 	 135.216339 	 478.847351 	 -84.046677 	
59 	 117.187500 	 549.077576 	 -84.308922 	
