IMPEDANCE MEASUREMENT 
3:31:35.487 PM 2026-10-06
Chamber temperature (K): 296.42
Chamber pressure (MPa): 199.66
Description: 	Default
Driving voltage (V): 0.01
Start freq (Hz): 1E+6
Stop freq (Hz): 1E+2
# freq steps: 60
Index #	Frequency (Hz)	Impedance (ohms)	Phase (degrees)
0 	 1000078.125000 	 18.341646 	 36.745556 	
1 	 857765.625000 	 17.437752 	 32.708977 	
2 	 735703.125000 	 16.723251 	 28.866415 	
3 	 630984.375000 	 16.158031 	 25.278584 	
4 	 541171.875000 	 15.730501 	 21.969429 	
5 	 464203.125000 	 15.392973 	 18.945566 	
6 	 398109.375000 	 15.148970 	 16.166374 	
7 	 341484.375000 	 14.953478 	 13.704485 	
8 	 292921.875000 	 14.815748 	 11.481334 	
9 	 251203.140625 	 14.714919 	 9.453386 	
10 	 215484.375000 	 14.644138 	 7.607418 	
11 	 184828.125000 	 14.592635 	 5.933608 	
12 	 158578.125000 	 14.566297 	 4.388894 	
13 	 135984.375000 	 14.552772 	 2.960527 	
14 	 116671.867187 	 14.555256 	 1.620218 	
15 	 100078.125000 	 14.571839 	 0.320310 	
16 	 85828.125000 	 14.600571 	 -0.950596 	
17 	 73640.625000 	 14.638522 	 -2.207056 	
18 	 63140.625000 	 14.691828 	 -3.489056 	
19 	 54140.625000 	 14.764691 	 -4.808720 	
20 	 46453.125000 	 14.843391 	 -6.182395 	
21 	 39890.625000 	 14.943549 	 -7.600728 	
22 	 34171.875000 	 15.073627 	 -9.154181 	
23 	 29296.875000 	 15.225028 	 -10.834464 	
24 	 25171.875000 	 15.403566 	 -12.593721 	
25 	 21609.375000 	 15.620965 	 -14.554069 	
26 	 18515.625000 	 15.887769 	 -16.691444 	
27 	 15890.625000 	 16.203712 	 -19.021704 	
28 	 13640.625000 	 16.591454 	 -21.551081 	
29 	 11671.875000 	 17.069376 	 -24.381382 	
30 	 10078.125000 	 17.631685 	 -27.245317 	
31 	 8578.125000 	 18.384781 	 -30.644379 	
32 	 7359.375488 	 19.269211 	 -34.070644 	
33 	 6328.125000 	 20.351048 	 -37.620934 	
34 	 5376.838379 	 21.799616 	 -41.551834 	
35 	 4641.543945 	 23.391653 	 -45.142223 	
36 	 3984.374756 	 25.404724 	 -48.853672 	
37 	 3421.875000 	 27.826714 	 -52.446880 	
38 	 2953.125000 	 30.640142 	 -55.808174 	
39 	 2527.573486 	 34.189659 	 -59.154610 	
40 	 2159.926514 	 38.447376 	 -62.260944 	
41 	 1847.956665 	 43.500481 	 -65.067986 	
42 	 1577.524048 	 49.556591 	 -67.678337 	
43 	 1359.375000 	 56.239269 	 -69.863243 	
44 	 1171.875000 	 63.963497 	 -71.854004 	
45 	 998.263855 	 73.733078 	 -73.780899 	
46 	 856.370239 	 84.673233 	 -75.339165 	
47 	 737.847229 	 96.990509 	 -76.665421 	
48 	 627.790161 	 112.583977 	 -77.975349 	
49 	 544.084778 	 128.478058 	 -78.891441 	
50 	 460.379456 	 150.181213 	 -79.951653 	
51 	 397.995270 	 172.173065 	 -80.723541 	
52 	 340.221771 	 199.573105 	 -81.450012 	
53 	 292.968750 	 229.838318 	 -82.055267 	
54 	 252.403839 	 264.675140 	 -82.576073 	
55 	 217.013885 	 305.447784 	 -83.039597 	
56 	 186.011902 	 352.220856 	 -83.375076 	
57 	 158.361496 	 411.231995 	 -83.748634 	
58 	 135.216339 	 478.434021 	 -84.068695 	
59 	 117.187500 	 548.592102 	 -84.315033 	
