IMPEDANCE MEASUREMENT 
5:56:29.523 PM 2026-10-06
Chamber temperature (K): 296.45
Chamber pressure (MPa): 1.99
Description: 	Default
Driving voltage (V): 0.01
Start freq (Hz): 1E+6
Stop freq (Hz): 1E+2
# freq steps: 60
Index #	Frequency (Hz)	Impedance (ohms)	Phase (degrees)
0 	 1000078.125000 	 19.563423 	 34.075409 	
1 	 857765.625000 	 18.718634 	 30.172701 	
2 	 735703.125000 	 18.042742 	 26.530638 	
3 	 630984.375000 	 17.524082 	 23.109406 	
4 	 541171.875000 	 17.118361 	 20.031069 	
5 	 464203.125000 	 16.819309 	 17.248091 	
6 	 398109.375000 	 16.581654 	 14.704045 	
7 	 341484.375000 	 16.407318 	 12.429149 	
8 	 292921.875000 	 16.276817 	 10.374110 	
9 	 251203.140625 	 16.181591 	 8.504683 	
10 	 215484.375000 	 16.112122 	 6.838507 	
11 	 184828.125000 	 16.072853 	 5.288965 	
12 	 158578.125000 	 16.047491 	 3.879262 	
13 	 135984.375000 	 16.032892 	 2.553561 	
14 	 116671.867187 	 16.037178 	 1.302960 	
15 	 100078.125000 	 16.059242 	 0.127597 	
16 	 85828.125000 	 16.081478 	 -1.048725 	
17 	 73640.625000 	 16.119648 	 -2.221269 	
18 	 63140.625000 	 16.175144 	 -3.415090 	
19 	 54140.625000 	 16.242554 	 -4.661314 	
20 	 46453.125000 	 16.325714 	 -5.941731 	
21 	 39890.625000 	 16.429966 	 -7.288691 	
22 	 34171.875000 	 16.559868 	 -8.763205 	
23 	 29296.875000 	 16.714647 	 -10.334293 	
24 	 25171.875000 	 16.892927 	 -12.017826 	
25 	 21609.375000 	 17.113451 	 -13.882648 	
26 	 18515.625000 	 17.382805 	 -15.924024 	
27 	 15890.625000 	 17.707449 	 -18.153368 	
28 	 13640.625000 	 18.105639 	 -20.587477 	
29 	 11671.875000 	 18.592077 	 -23.302507 	
30 	 10078.125000 	 19.154184 	 -26.072332 	
31 	 8578.125000 	 19.916777 	 -29.360250 	
32 	 7359.375488 	 20.812700 	 -32.684906 	
33 	 6328.125000 	 21.905748 	 -36.165104 	
34 	 5376.838379 	 23.359734 	 -40.049107 	
35 	 4641.543945 	 24.991629 	 -43.635113 	
36 	 3984.374756 	 27.032019 	 -47.343372 	
37 	 3421.875000 	 29.482008 	 -50.976601 	
38 	 2953.125000 	 32.368649 	 -54.347507 	
39 	 2527.573486 	 36.019104 	 -57.778309 	
40 	 2159.926514 	 40.395760 	 -60.962631 	
41 	 1847.956665 	 45.598812 	 -63.936287 	
42 	 1577.524048 	 51.817154 	 -66.602478 	
43 	 1359.375000 	 58.646610 	 -68.924026 	
44 	 1171.875000 	 66.692253 	 -70.986427 	
45 	 998.263855 	 76.771004 	 -72.964531 	
46 	 856.370239 	 88.016129 	 -74.571625 	
47 	 737.847229 	 100.745308 	 -76.006485 	
48 	 627.790161 	 116.834465 	 -77.392036 	
49 	 544.084778 	 133.295395 	 -78.383705 	
50 	 460.379456 	 155.689407 	 -79.476341 	
51 	 397.995270 	 178.390976 	 -80.294655 	
52 	 340.221771 	 206.708237 	 -81.055275 	
53 	 292.968750 	 237.960510 	 -81.695724 	
54 	 252.403839 	 273.945862 	 -82.245453 	
55 	 217.013885 	 314.601227 	 -82.655457 	
56 	 186.011902 	 364.896393 	 -83.102585 	
57 	 158.361496 	 425.547058 	 -83.499695 	
58 	 135.216339 	 494.739655 	 -83.831894 	
59 	 117.187500 	 566.861694 	 -84.104027 	
