IMPEDANCE MEASUREMENT 
4:48:26.152 PM 2026-10-06
Chamber temperature (K): 296.45
Chamber pressure (MPa): 100.05
Description: 	Default
Driving voltage (V): 0.01
Start freq (Hz): 1E+6
Stop freq (Hz): 1E+2
# freq steps: 60
Index #	Frequency (Hz)	Impedance (ohms)	Phase (degrees)
0 	 1000078.125000 	 18.498100 	 36.353474 	
1 	 857765.625000 	 17.594593 	 32.354481 	
2 	 735703.125000 	 16.880711 	 28.516287 	
3 	 630984.375000 	 16.325802 	 24.956301 	
4 	 541171.875000 	 15.897486 	 21.673517 	
5 	 464203.125000 	 15.569153 	 18.659681 	
6 	 398109.375000 	 15.323798 	 15.950514 	
7 	 341484.375000 	 15.140283 	 13.481013 	
8 	 292921.875000 	 15.008259 	 11.268158 	
9 	 251203.140625 	 14.903239 	 9.263165 	
10 	 215484.375000 	 14.831772 	 7.449089 	
11 	 184828.125000 	 14.786180 	 5.769381 	
12 	 158578.125000 	 14.756265 	 4.259152 	
13 	 135984.375000 	 14.745240 	 2.806152 	
14 	 116671.867187 	 14.750327 	 1.446981 	
15 	 100078.125000 	 14.771029 	 0.180506 	
16 	 85828.125000 	 14.798007 	 -1.099703 	
17 	 73640.625000 	 14.839170 	 -2.359055 	
18 	 63140.625000 	 14.894550 	 -3.637111 	
19 	 54140.625000 	 14.963920 	 -4.984178 	
20 	 46453.125000 	 15.051080 	 -6.365618 	
21 	 39890.625000 	 15.158409 	 -7.819886 	
22 	 34171.875000 	 15.285041 	 -9.392522 	
23 	 29296.875000 	 15.446328 	 -11.085429 	
24 	 25171.875000 	 15.634499 	 -12.893310 	
25 	 21609.375000 	 15.862206 	 -14.859100 	
26 	 18515.625000 	 16.136227 	 -17.047230 	
27 	 15890.625000 	 16.472357 	 -19.403868 	
28 	 13640.625000 	 16.877090 	 -21.979057 	
29 	 11671.875000 	 17.384132 	 -24.826838 	
30 	 10078.125000 	 17.964708 	 -27.748806 	
31 	 8578.125000 	 18.753822 	 -31.166237 	
32 	 7359.375488 	 19.689882 	 -34.645351 	
33 	 6328.125000 	 20.814753 	 -38.205727 	
34 	 5376.838379 	 22.331158 	 -42.129456 	
35 	 4641.543945 	 24.005514 	 -45.713173 	
36 	 3984.374756 	 26.116159 	 -49.425972 	
37 	 3421.875000 	 28.648308 	 -52.983253 	
38 	 2953.125000 	 31.574478 	 -56.299931 	
39 	 2527.573486 	 35.251225 	 -59.549011 	
40 	 2159.926514 	 39.722214 	 -62.641445 	
41 	 1847.956665 	 44.959881 	 -65.418854 	
42 	 1577.524048 	 51.218155 	 -67.972542 	
43 	 1359.375000 	 58.133141 	 -70.117088 	
44 	 1171.875000 	 66.170929 	 -72.004768 	
45 	 998.263855 	 76.305702 	 -73.836792 	
46 	 856.370239 	 87.570572 	 -75.378738 	
47 	 737.847229 	 100.360939 	 -76.677032 	
48 	 627.790161 	 116.471359 	 -78.089821 	
49 	 544.084778 	 133.053452 	 -78.921272 	
50 	 460.379456 	 155.273956 	 -79.927017 	
51 	 397.995270 	 177.988708 	 -80.683250 	
52 	 340.221771 	 206.247040 	 -81.390495 	
53 	 292.968750 	 237.453232 	 -81.975525 	
54 	 252.403839 	 273.395050 	 -82.485817 	
55 	 217.013885 	 313.619812 	 -82.860390 	
56 	 186.011902 	 363.884338 	 -83.256950 	
57 	 158.361496 	 424.572296 	 -83.625526 	
58 	 135.216339 	 493.755157 	 -83.940018 	
59 	 117.187500 	 565.848389 	 -84.173172 	
