IMPEDANCE MEASUREMENT 
2:30:40.103 PM 2026-10-06
Chamber temperature (K): 296.32
Chamber pressure (MPa): 100.27
Description: 	Default
Driving voltage (V): 0.01
Start freq (Hz): 1E+6
Stop freq (Hz): 1E+2
# freq steps: 60
Index #	Frequency (Hz)	Impedance (ohms)	Phase (degrees)
0 	 1000078.125000 	 18.295605 	 36.835037 	
1 	 857765.625000 	 17.384150 	 32.790920 	
2 	 735703.125000 	 16.658772 	 28.932432 	
3 	 630984.375000 	 16.104788 	 25.322187 	
4 	 541171.875000 	 15.668725 	 22.000643 	
5 	 464203.125000 	 15.334991 	 18.957411 	
6 	 398109.375000 	 15.087126 	 16.188923 	
7 	 341484.375000 	 14.897501 	 13.685822 	
8 	 292921.875000 	 14.764041 	 11.451178 	
9 	 251203.140625 	 14.656543 	 9.397926 	
10 	 215484.375000 	 14.586049 	 7.558971 	
11 	 184828.125000 	 14.537485 	 5.876520 	
12 	 158578.125000 	 14.517077 	 4.323752 	
13 	 135984.375000 	 14.503159 	 2.842928 	
14 	 116671.867187 	 14.503261 	 1.469868 	
15 	 100078.125000 	 14.524320 	 0.159055 	
16 	 85828.125000 	 14.553916 	 -1.149807 	
17 	 73640.625000 	 14.596519 	 -2.441147 	
18 	 63140.625000 	 14.652080 	 -3.752332 	
19 	 54140.625000 	 14.722561 	 -5.115555 	
20 	 46453.125000 	 14.808946 	 -6.536320 	
21 	 39890.625000 	 14.918720 	 -8.007333 	
22 	 34171.875000 	 15.054447 	 -9.636242 	
23 	 29296.875000 	 15.214224 	 -11.364140 	
24 	 25171.875000 	 15.405954 	 -13.205990 	
25 	 21609.375000 	 15.638565 	 -15.230359 	
26 	 18515.625000 	 15.923498 	 -17.447906 	
27 	 15890.625000 	 16.267860 	 -19.867195 	
28 	 13640.625000 	 16.679905 	 -22.484774 	
29 	 11671.875000 	 17.200430 	 -25.396553 	
30 	 10078.125000 	 17.802319 	 -28.339087 	
31 	 8578.125000 	 18.614141 	 -31.814457 	
32 	 7359.375488 	 19.569736 	 -35.296310 	
33 	 6328.125000 	 20.734257 	 -38.871883 	
34 	 5376.838379 	 22.286676 	 -42.791000 	
35 	 4641.543945 	 23.990973 	 -46.370903 	
36 	 3984.374756 	 26.151730 	 -50.033913 	
37 	 3421.875000 	 28.721617 	 -53.526096 	
38 	 2953.125000 	 31.685045 	 -56.772873 	
39 	 2527.573486 	 35.458061 	 -59.973938 	
40 	 2159.926514 	 39.970604 	 -62.978741 	
41 	 1847.956665 	 45.262344 	 -65.716995 	
42 	 1577.524048 	 51.575851 	 -68.175179 	
43 	 1359.375000 	 58.578808 	 -70.263947 	
44 	 1171.875000 	 66.611908 	 -72.142227 	
45 	 998.263855 	 76.860558 	 -73.905342 	
46 	 856.370239 	 88.150490 	 -75.405296 	
47 	 737.847229 	 101.001633 	 -76.704124 	
48 	 627.790161 	 117.063156 	 -77.971825 	
49 	 544.084778 	 133.667084 	 -78.833023 	
50 	 460.379456 	 156.160843 	 -79.811745 	
51 	 397.995270 	 178.922028 	 -80.545868 	
52 	 340.221771 	 207.252151 	 -81.234413 	
53 	 292.968750 	 238.528854 	 -81.798325 	
54 	 252.403839 	 274.495026 	 -82.296165 	
55 	 217.013885 	 314.544708 	 -82.657936 	
56 	 186.011902 	 364.914612 	 -83.053711 	
57 	 158.361496 	 425.561554 	 -83.408646 	
58 	 135.216339 	 494.658478 	 -83.713737 	
59 	 117.187500 	 566.678345 	 -83.968506 	
