IMPEDANCE MEASUREMENT 
1:47:27.263 PM 2026-10-06
Chamber temperature (K): 296.22
Chamber pressure (MPa): 1.78
Description: 	Default
Driving voltage (V): 0.01
Start freq (Hz): 1E+6
Stop freq (Hz): 1E+2
# freq steps: 60
Index #	Frequency (Hz)	Impedance (ohms)	Phase (degrees)
0 	 1000078.125000 	 20.062735 	 36.230389 	
1 	 857765.625000 	 19.067314 	 32.241165 	
2 	 735703.125000 	 18.286345 	 28.409889 	
3 	 630984.375000 	 17.676863 	 24.830410 	
4 	 541171.875000 	 17.211893 	 21.563484 	
5 	 464203.125000 	 16.856037 	 18.552462 	
6 	 398109.375000 	 16.588285 	 15.833756 	
7 	 341484.375000 	 16.382971 	 13.381767 	
8 	 292921.875000 	 16.236103 	 11.168765 	
9 	 251203.140625 	 16.132977 	 9.167918 	
10 	 215484.375000 	 16.058340 	 7.349733 	
11 	 184828.125000 	 16.007568 	 5.703456 	
12 	 158578.125000 	 15.983360 	 4.173676 	
13 	 135984.375000 	 15.974559 	 2.742737 	
14 	 116671.867187 	 15.978168 	 1.403429 	
15 	 100078.125000 	 16.000166 	 0.130165 	
16 	 85828.125000 	 16.035072 	 -1.158850 	
17 	 73640.625000 	 16.076881 	 -2.417306 	
18 	 63140.625000 	 16.140779 	 -3.701917 	
19 	 54140.625000 	 16.220186 	 -5.032825 	
20 	 46453.125000 	 16.319462 	 -6.408971 	
21 	 39890.625000 	 16.440722 	 -7.848656 	
22 	 34171.875000 	 16.588852 	 -9.405987 	
23 	 29296.875000 	 16.769533 	 -11.075737 	
24 	 25171.875000 	 16.982738 	 -12.855022 	
25 	 21609.375000 	 17.239435 	 -14.785985 	
26 	 18515.625000 	 17.556511 	 -16.928291 	
27 	 15890.625000 	 17.927578 	 -19.196180 	
28 	 13640.625000 	 18.375513 	 -21.689150 	
29 	 11671.875000 	 18.934990 	 -24.418730 	
30 	 10078.125000 	 19.566242 	 -27.176725 	
31 	 8578.125000 	 20.416088 	 -30.433384 	
32 	 7359.375488 	 21.405891 	 -33.703182 	
33 	 6328.125000 	 22.592299 	 -37.092216 	
34 	 5376.838379 	 24.155052 	 -40.841766 	
35 	 4641.543945 	 25.881260 	 -44.299915 	
36 	 3984.374756 	 28.034651 	 -47.856693 	
37 	 3421.875000 	 30.640497 	 -51.349319 	
38 	 2953.125000 	 33.642353 	 -54.626457 	
39 	 2527.573486 	 37.408321 	 -57.884930 	
40 	 2159.926514 	 41.943741 	 -60.970917 	
41 	 1847.956665 	 47.279640 	 -63.792381 	
42 	 1577.524048 	 53.690849 	 -66.373764 	
43 	 1359.375000 	 60.748734 	 -68.627892 	
44 	 1171.875000 	 68.945457 	 -70.585899 	
45 	 998.263855 	 79.288124 	 -72.492729 	
46 	 856.370239 	 90.791100 	 -74.099724 	
47 	 737.847229 	 103.804176 	 -75.469810 	
48 	 627.790161 	 120.141426 	 -76.793289 	
49 	 544.084778 	 136.718674 	 -77.916634 	
50 	 460.379456 	 159.720367 	 -78.883713 	
51 	 397.995270 	 182.777908 	 -79.690277 	
52 	 340.221771 	 211.488907 	 -80.454071 	
53 	 292.968750 	 243.158554 	 -81.086281 	
54 	 252.403839 	 279.589020 	 -81.646896 	
55 	 217.013885 	 322.155853 	 -82.136742 	
56 	 186.011902 	 372.352753 	 -82.584381 	
57 	 158.361496 	 433.344330 	 -82.986244 	
58 	 135.216339 	 503.007446 	 -83.321754 	
59 	 117.187500 	 575.870056 	 -83.593880 	
