IMPEDANCE MEASUREMENT 
11:55:02.252 AM 2026-10-06
Chamber temperature (K): 296.13
Chamber pressure (MPa): 1.47
Description: 	Default
Driving voltage (V): 0.01
Start freq (Hz): 1E+6
Stop freq (Hz): 1E+2
# freq steps: 60
Index #	Frequency (Hz)	Impedance (ohms)	Phase (degrees)
0 	 1000078.125000 	 19.529118 	 37.328220 	
1 	 857765.625000 	 18.504265 	 33.268753 	
2 	 735703.125000 	 17.703079 	 29.365891 	
3 	 630984.375000 	 17.079233 	 25.691576 	
4 	 541171.875000 	 16.599003 	 22.288458 	
5 	 464203.125000 	 16.229830 	 19.186714 	
6 	 398109.375000 	 15.959430 	 16.328762 	
7 	 341484.375000 	 15.752666 	 13.783275 	
8 	 292921.875000 	 15.599787 	 11.440833 	
9 	 251203.140625 	 15.489420 	 9.324674 	
10 	 215484.375000 	 15.414701 	 7.405051 	
11 	 184828.125000 	 15.370361 	 5.640995 	
12 	 158578.125000 	 15.343278 	 4.014765 	
13 	 135984.375000 	 15.346110 	 2.486637 	
14 	 116671.867187 	 15.353056 	 1.042266 	
15 	 100078.125000 	 15.382176 	 -0.370617 	
16 	 85828.125000 	 15.423841 	 -1.752729 	
17 	 73640.625000 	 15.482157 	 -3.136640 	
18 	 63140.625000 	 15.565235 	 -4.551955 	
19 	 54140.625000 	 15.662899 	 -6.010942 	
20 	 46453.125000 	 15.780852 	 -7.535748 	
21 	 39890.625000 	 15.929200 	 -9.127305 	
22 	 34171.875000 	 16.111126 	 -10.836582 	
23 	 29296.875000 	 16.326599 	 -12.662144 	
24 	 25171.875000 	 16.584919 	 -14.587516 	
25 	 21609.375000 	 16.894444 	 -16.670588 	
26 	 18515.625000 	 17.271044 	 -18.956697 	
27 	 15890.625000 	 17.711704 	 -21.385963 	
28 	 13640.625000 	 18.244024 	 -23.988810 	
29 	 11671.875000 	 18.905144 	 -26.842852 	
30 	 10078.125000 	 19.643124 	 -29.700611 	
31 	 8578.125000 	 20.633747 	 -33.000946 	
32 	 7359.375488 	 21.776985 	 -36.304890 	
33 	 6328.125000 	 23.136135 	 -39.640591 	
34 	 5376.838379 	 24.923138 	 -43.291397 	
35 	 4641.543945 	 26.869053 	 -46.611343 	
36 	 3984.374756 	 29.276157 	 -49.994240 	
37 	 3421.875000 	 32.150200 	 -53.231506 	
38 	 2953.125000 	 35.445553 	 -56.230976 	
39 	 2527.573486 	 39.551720 	 -59.208408 	
40 	 2159.926514 	 44.433369 	 -61.991161 	
41 	 1847.956665 	 50.152988 	 -64.496475 	
42 	 1577.524048 	 56.957714 	 -66.854439 	
43 	 1359.375000 	 64.443344 	 -68.820160 	
44 	 1171.875000 	 73.064377 	 -70.620308 	
45 	 998.263855 	 83.976341 	 -72.285141 	
46 	 856.370239 	 95.960449 	 -73.755333 	
47 	 737.847229 	 109.489685 	 -75.024773 	
48 	 627.790161 	 126.558342 	 -76.150391 	
49 	 544.084778 	 143.996521 	 -77.105553 	
50 	 460.379456 	 167.415924 	 -78.030106 	
51 	 397.995270 	 191.179245 	 -78.763741 	
52 	 340.221771 	 220.700989 	 -79.467476 	
53 	 292.968750 	 253.218491 	 -80.055794 	
54 	 252.403839 	 290.463593 	 -80.571449 	
55 	 217.013885 	 333.927551 	 -81.022278 	
56 	 186.011902 	 385.160370 	 -81.441223 	
57 	 158.361496 	 447.136719 	 -81.819153 	
58 	 135.216339 	 517.916443 	 -82.137642 	
59 	 117.187500 	 591.719360 	 -82.404388 	
