IMPEDANCE MEASUREMENT 
3:17:26.899 PM 2026-10-06
Chamber temperature (K): 296.4
Chamber pressure (MPa): 175.27
Description: 	Default
Driving voltage (V): 0.01
Start freq (Hz): 1E+6
Stop freq (Hz): 1E+2
# freq steps: 60
Index #	Frequency (Hz)	Impedance (ohms)	Phase (degrees)
0 	 1000078.125000 	 18.367388 	 36.733101 	
1 	 857765.625000 	 17.447721 	 32.677986 	
2 	 735703.125000 	 16.735292 	 28.834427 	
3 	 630984.375000 	 16.171959 	 25.257227 	
4 	 541171.875000 	 15.741699 	 21.914482 	
5 	 464203.125000 	 15.416430 	 18.902115 	
6 	 398109.375000 	 15.162255 	 16.181219 	
7 	 341484.375000 	 14.970600 	 13.670168 	
8 	 292921.875000 	 14.833985 	 11.440322 	
9 	 251203.140625 	 14.734682 	 9.428698 	
10 	 215484.375000 	 14.665015 	 7.581424 	
11 	 184828.125000 	 14.610568 	 5.884355 	
12 	 158578.125000 	 14.585742 	 4.353186 	
13 	 135984.375000 	 14.569467 	 2.937840 	
14 	 116671.867187 	 14.576040 	 1.590202 	
15 	 100078.125000 	 14.595025 	 0.292074 	
16 	 85828.125000 	 14.619735 	 -0.998690 	
17 	 73640.625000 	 14.658970 	 -2.264662 	
18 	 63140.625000 	 14.713603 	 -3.542757 	
19 	 54140.625000 	 14.780823 	 -4.868667 	
20 	 46453.125000 	 14.866154 	 -6.241952 	
21 	 39890.625000 	 14.970301 	 -7.679447 	
22 	 34171.875000 	 15.098814 	 -9.248805 	
23 	 29296.875000 	 15.250652 	 -10.931635 	
24 	 25171.875000 	 15.429081 	 -12.724796 	
25 	 21609.375000 	 15.649474 	 -14.671189 	
26 	 18515.625000 	 15.922716 	 -16.840231 	
27 	 15890.625000 	 16.243881 	 -19.177450 	
28 	 13640.625000 	 16.640310 	 -21.746447 	
29 	 11671.875000 	 17.128429 	 -24.565262 	
30 	 10078.125000 	 17.693571 	 -27.461552 	
31 	 8578.125000 	 18.461119 	 -30.865679 	
32 	 7359.375488 	 19.363533 	 -34.305748 	
33 	 6328.125000 	 20.461168 	 -37.862972 	
34 	 5376.838379 	 21.923038 	 -41.813828 	
35 	 4641.543945 	 23.547234 	 -45.392490 	
36 	 3984.374756 	 25.579651 	 -49.105064 	
37 	 3421.875000 	 28.042101 	 -52.687000 	
38 	 2953.125000 	 30.885263 	 -56.002026 	
39 	 2527.573486 	 34.482643 	 -59.327587 	
40 	 2159.926514 	 38.810013 	 -62.450607 	
41 	 1847.956665 	 43.953873 	 -65.204895 	
42 	 1577.524048 	 50.049885 	 -67.831490 	
43 	 1359.375000 	 56.771420 	 -69.981895 	
44 	 1171.875000 	 64.623672 	 -71.901474 	
45 	 998.263855 	 74.494164 	 -73.816597 	
46 	 856.370239 	 85.481277 	 -75.365982 	
47 	 737.847229 	 97.906601 	 -76.716339 	
48 	 627.790161 	 113.738907 	 -77.979820 	
49 	 544.084778 	 129.784042 	 -78.976662 	
50 	 460.379456 	 151.656113 	 -79.938942 	
51 	 397.995270 	 173.834229 	 -80.698997 	
52 	 340.221771 	 201.490570 	 -81.412201 	
53 	 292.968750 	 232.006012 	 -82.006973 	
54 	 252.403839 	 267.144287 	 -82.520760 	
55 	 217.013885 	 306.141449 	 -82.909943 	
56 	 186.011902 	 355.459778 	 -83.312263 	
57 	 158.361496 	 414.889923 	 -83.687515 	
58 	 135.216339 	 482.532745 	 -83.999428 	
59 	 117.187500 	 553.103149 	 -84.251373 	
