IMPEDANCE MEASUREMENT 
3:02:45.874 PM 2026-10-06
Chamber temperature (K): 296.38
Chamber pressure (MPa): 150.48
Description: 	Default
Driving voltage (V): 0.01
Start freq (Hz): 1E+6
Stop freq (Hz): 1E+2
# freq steps: 60
Index #	Frequency (Hz)	Impedance (ohms)	Phase (degrees)
0 	 1000078.125000 	 18.400894 	 36.632603 	
1 	 857765.625000 	 17.485128 	 32.606270 	
2 	 735703.125000 	 16.770256 	 28.771145 	
3 	 630984.375000 	 16.214268 	 25.170900 	
4 	 541171.875000 	 15.787210 	 21.853352 	
5 	 464203.125000 	 15.453011 	 18.831430 	
6 	 398109.375000 	 15.203926 	 16.125868 	
7 	 341484.375000 	 15.022014 	 13.611273 	
8 	 292921.875000 	 14.877069 	 11.391938 	
9 	 251203.140625 	 14.778430 	 9.345309 	
10 	 215484.375000 	 14.710799 	 7.523610 	
11 	 184828.125000 	 14.655088 	 5.856811 	
12 	 158578.125000 	 14.629570 	 4.313729 	
13 	 135984.375000 	 14.617259 	 2.883436 	
14 	 116671.867187 	 14.617793 	 1.510645 	
15 	 100078.125000 	 14.639629 	 0.240638 	
16 	 85828.125000 	 14.664397 	 -1.024589 	
17 	 73640.625000 	 14.707487 	 -2.309753 	
18 	 63140.625000 	 14.761359 	 -3.594616 	
19 	 54140.625000 	 14.829829 	 -4.927307 	
20 	 46453.125000 	 14.912844 	 -6.314217 	
21 	 39890.625000 	 15.017383 	 -7.754312 	
22 	 34171.875000 	 15.147426 	 -9.340945 	
23 	 29296.875000 	 15.301955 	 -11.017771 	
24 	 25171.875000 	 15.490013 	 -12.826140 	
25 	 21609.375000 	 15.711692 	 -14.796572 	
26 	 18515.625000 	 15.983818 	 -16.982861 	
27 	 15890.625000 	 16.311195 	 -19.337788 	
28 	 13640.625000 	 16.710073 	 -21.899044 	
29 	 11671.875000 	 17.210190 	 -24.753765 	
30 	 10078.125000 	 17.785795 	 -27.649857 	
31 	 8578.125000 	 18.565634 	 -31.086021 	
32 	 7359.375488 	 19.485870 	 -34.538937 	
33 	 6328.125000 	 20.598495 	 -38.088852 	
34 	 5376.838379 	 22.086765 	 -42.005276 	
35 	 4641.543945 	 23.728937 	 -45.612991 	
36 	 3984.374756 	 25.806292 	 -49.327488 	
37 	 3421.875000 	 28.313873 	 -52.870392 	
38 	 2953.125000 	 31.211645 	 -56.148956 	
39 	 2527.573486 	 34.839481 	 -59.479282 	
40 	 2159.926514 	 39.246029 	 -62.550129 	
41 	 1847.956665 	 44.386055 	 -65.328506 	
42 	 1577.524048 	 50.592247 	 -67.872444 	
43 	 1359.375000 	 57.424198 	 -70.040291 	
44 	 1171.875000 	 65.335266 	 -71.943222 	
45 	 998.263855 	 75.259438 	 -73.838051 	
46 	 856.370239 	 86.348358 	 -75.369072 	
47 	 737.847229 	 99.005249 	 -76.689575 	
48 	 627.790161 	 114.928276 	 -77.939575 	
49 	 544.084778 	 131.101364 	 -78.956779 	
50 	 460.379456 	 153.254059 	 -79.897896 	
51 	 397.995270 	 175.635284 	 -80.652229 	
52 	 340.221771 	 203.547394 	 -81.358650 	
53 	 292.968750 	 234.342697 	 -81.945686 	
54 	 252.403839 	 269.775146 	 -82.457069 	
55 	 217.013885 	 309.270660 	 -82.832161 	
56 	 186.011902 	 358.949036 	 -83.245789 	
57 	 158.361496 	 418.913971 	 -83.604927 	
58 	 135.216339 	 487.091980 	 -83.916435 	
59 	 117.187500 	 558.220581 	 -84.161659 	
