IMPEDANCE MEASUREMENT 
2:19:05.002 PM 2026-10-06
Chamber temperature (K): 296.32
Chamber pressure (MPa): 62.74
Description: 	Default
Driving voltage (V): 0.01
Start freq (Hz): 1E+6
Stop freq (Hz): 1E+2
# freq steps: 60
Index #	Frequency (Hz)	Impedance (ohms)	Phase (degrees)
0 	 1000078.125000 	 18.589613 	 36.137634 	
1 	 857765.625000 	 17.704939 	 32.166443 	
2 	 735703.125000 	 16.997585 	 28.335588 	
3 	 630984.375000 	 16.444345 	 24.786539 	
4 	 541171.875000 	 16.024210 	 21.498222 	
5 	 464203.125000 	 15.704224 	 18.528915 	
6 	 398109.375000 	 15.449080 	 15.820317 	
7 	 341484.375000 	 15.267690 	 13.358162 	
8 	 292921.875000 	 15.138612 	 11.157946 	
9 	 251203.140625 	 15.038222 	 9.155842 	
10 	 215484.375000 	 14.961594 	 7.361510 	
11 	 184828.125000 	 14.915841 	 5.708594 	
12 	 158578.125000 	 14.885445 	 4.216087 	
13 	 135984.375000 	 14.880677 	 2.776069 	
14 	 116671.867187 	 14.881475 	 1.413695 	
15 	 100078.125000 	 14.901624 	 0.141819 	
16 	 85828.125000 	 14.930698 	 -1.146247 	
17 	 73640.625000 	 14.971612 	 -2.418361 	
18 	 63140.625000 	 15.028278 	 -3.698446 	
19 	 54140.625000 	 15.096602 	 -5.036005 	
20 	 46453.125000 	 15.186578 	 -6.419042 	
21 	 39890.625000 	 15.293641 	 -7.892858 	
22 	 34171.875000 	 15.428146 	 -9.465156 	
23 	 29296.875000 	 15.588211 	 -11.176409 	
24 	 25171.875000 	 15.779735 	 -12.981103 	
25 	 21609.375000 	 16.013241 	 -14.969862 	
26 	 18515.625000 	 16.299570 	 -17.159033 	
27 	 15890.625000 	 16.639149 	 -19.538597 	
28 	 13640.625000 	 17.055605 	 -22.116880 	
29 	 11671.875000 	 17.570114 	 -24.984325 	
30 	 10078.125000 	 18.172899 	 -27.902599 	
31 	 8578.125000 	 18.980337 	 -31.323563 	
32 	 7359.375488 	 19.933331 	 -34.780701 	
33 	 6328.125000 	 21.088747 	 -38.310284 	
34 	 5376.838379 	 22.629475 	 -42.249264 	
35 	 4641.543945 	 24.338495 	 -45.795868 	
36 	 3984.374756 	 26.479725 	 -49.466797 	
37 	 3421.875000 	 29.053988 	 -53.001801 	
38 	 2953.125000 	 32.035198 	 -56.231922 	
39 	 2527.573486 	 35.795425 	 -59.543797 	
40 	 2159.926514 	 40.276699 	 -62.572124 	
41 	 1847.956665 	 45.583073 	 -65.268227 	
42 	 1577.524048 	 51.921833 	 -67.814087 	
43 	 1359.375000 	 58.900776 	 -69.963470 	
44 	 1171.875000 	 67.034317 	 -71.816170 	
45 	 998.263855 	 77.205223 	 -73.639389 	
46 	 856.370239 	 88.587639 	 -75.167763 	
47 	 737.847229 	 101.364563 	 -76.541817 	
48 	 627.790161 	 117.662636 	 -77.727608 	
49 	 544.084778 	 134.256500 	 -78.617973 	
50 	 460.379456 	 156.723434 	 -79.662025 	
51 	 397.995270 	 179.533249 	 -80.406738 	
52 	 340.221771 	 207.936981 	 -81.107437 	
53 	 292.968750 	 239.299484 	 -81.690384 	
54 	 252.403839 	 275.357544 	 -82.197563 	
55 	 217.013885 	 315.812347 	 -82.567879 	
56 	 186.011902 	 366.208649 	 -82.971527 	
57 	 158.361496 	 426.935242 	 -83.340164 	
58 	 135.216339 	 496.199463 	 -83.643547 	
59 	 117.187500 	 568.419312 	 -83.904099 	
