IMPEDANCE MEASUREMENT 
3:18:20.242 PM 2026-10-06
Chamber temperature (K): 296.4
Chamber pressure (MPa): 174.74
Description: 	Default
Driving voltage (V): 0.01
Start freq (Hz): 1E+6
Stop freq (Hz): 1E+2
# freq steps: 60
Index #	Frequency (Hz)	Impedance (ohms)	Phase (degrees)
0 	 1000078.125000 	 18.372509 	 36.732708 	
1 	 857765.625000 	 17.455381 	 32.664371 	
2 	 735703.125000 	 16.739939 	 28.829821 	
3 	 630984.375000 	 16.177460 	 25.225672 	
4 	 541171.875000 	 15.751441 	 21.932762 	
5 	 464203.125000 	 15.418814 	 18.896276 	
6 	 398109.375000 	 15.171506 	 16.167139 	
7 	 341484.375000 	 14.981060 	 13.682649 	
8 	 292921.875000 	 14.840840 	 11.420154 	
9 	 251203.140625 	 14.739250 	 9.420496 	
10 	 215484.375000 	 14.663911 	 7.584694 	
11 	 184828.125000 	 14.614089 	 5.895545 	
12 	 158578.125000 	 14.590038 	 4.379308 	
13 	 135984.375000 	 14.583108 	 2.919966 	
14 	 116671.867187 	 14.581193 	 1.600288 	
15 	 100078.125000 	 14.596012 	 0.287100 	
16 	 85828.125000 	 14.626122 	 -0.990548 	
17 	 73640.625000 	 14.666196 	 -2.257905 	
18 	 63140.625000 	 14.719959 	 -3.546320 	
19 	 54140.625000 	 14.787364 	 -4.859226 	
20 	 46453.125000 	 14.869515 	 -6.222771 	
21 	 39890.625000 	 14.971749 	 -7.674649 	
22 	 34171.875000 	 15.102575 	 -9.245649 	
23 	 29296.875000 	 15.256450 	 -10.912208 	
24 	 25171.875000 	 15.437842 	 -12.700046 	
25 	 21609.375000 	 15.653678 	 -14.656325 	
26 	 18515.625000 	 15.927396 	 -16.827705 	
27 	 15890.625000 	 16.247980 	 -19.162846 	
28 	 13640.625000 	 16.643419 	 -21.718941 	
29 	 11671.875000 	 17.131456 	 -24.556383 	
30 	 10078.125000 	 17.696733 	 -27.455652 	
31 	 8578.125000 	 18.461042 	 -30.857487 	
32 	 7359.375488 	 19.364231 	 -34.295273 	
33 	 6328.125000 	 20.463634 	 -37.842815 	
34 	 5376.838379 	 21.919668 	 -41.780258 	
35 	 4641.543945 	 23.544430 	 -45.379311 	
36 	 3984.374756 	 25.583775 	 -49.068462 	
37 	 3421.875000 	 28.037365 	 -52.667290 	
38 	 2953.125000 	 30.872152 	 -56.002708 	
39 	 2527.573486 	 34.483906 	 -59.252327 	
40 	 2159.926514 	 38.821098 	 -62.442402 	
41 	 1847.956665 	 43.902374 	 -65.248169 	
42 	 1577.524048 	 50.024372 	 -67.785210 	
43 	 1359.375000 	 56.725288 	 -69.965309 	
44 	 1171.875000 	 64.618393 	 -71.937546 	
45 	 998.263855 	 74.417526 	 -73.773415 	
46 	 856.370239 	 85.508301 	 -75.349144 	
47 	 737.847229 	 97.940178 	 -76.702972 	
48 	 627.790161 	 113.614227 	 -77.992485 	
49 	 544.084778 	 129.816071 	 -78.905914 	
50 	 460.379456 	 151.588333 	 -79.937790 	
51 	 397.995270 	 173.766449 	 -80.695091 	
52 	 340.221771 	 201.428116 	 -81.411339 	
53 	 292.968750 	 231.951157 	 -82.010658 	
54 	 252.403839 	 267.024902 	 -82.526695 	
55 	 217.013885 	 306.071991 	 -82.906601 	
56 	 186.011902 	 355.325409 	 -83.316727 	
57 	 158.361496 	 414.735931 	 -83.688721 	
58 	 135.216339 	 482.392059 	 -83.999794 	
59 	 117.187500 	 553.033142 	 -84.231636 	
