IMPEDANCE MEASUREMENT 
5:13:44.327 PM 2026-10-06
Chamber temperature (K): 296.48
Chamber pressure (MPa): 175.27
Description: 	Default
Driving voltage (V): 0.01
Start freq (Hz): 1E+6
Stop freq (Hz): 1E+2
# freq steps: 60
Index #	Frequency (Hz)	Impedance (ohms)	Phase (degrees)
0 	 1000078.125000 	 18.339357 	 36.732964 	
1 	 857765.625000 	 17.419615 	 32.746899 	
2 	 735703.125000 	 16.696793 	 28.896116 	
3 	 630984.375000 	 16.134274 	 25.292511 	
4 	 541171.875000 	 15.696564 	 21.966942 	
5 	 464203.125000 	 15.370721 	 18.945930 	
6 	 398109.375000 	 15.118331 	 16.174887 	
7 	 341484.375000 	 14.928353 	 13.700069 	
8 	 292921.875000 	 14.787906 	 11.461997 	
9 	 251203.140625 	 14.689565 	 9.433664 	
10 	 215484.375000 	 14.616589 	 7.566202 	
11 	 184828.125000 	 14.568258 	 5.894474 	
12 	 158578.125000 	 14.548388 	 4.343404 	
13 	 135984.375000 	 14.531143 	 2.888161 	
14 	 116671.867187 	 14.535625 	 1.527049 	
15 	 100078.125000 	 14.552341 	 0.230001 	
16 	 85828.125000 	 14.581500 	 -1.046972 	
17 	 73640.625000 	 14.621684 	 -2.331709 	
18 	 63140.625000 	 14.675404 	 -3.633950 	
19 	 54140.625000 	 14.743472 	 -4.973775 	
20 	 46453.125000 	 14.832456 	 -6.360245 	
21 	 39890.625000 	 14.936648 	 -7.829516 	
22 	 34171.875000 	 15.066687 	 -9.405348 	
23 	 29296.875000 	 15.224848 	 -11.104444 	
24 	 25171.875000 	 15.407598 	 -12.907065 	
25 	 21609.375000 	 15.635203 	 -14.899466 	
26 	 18515.625000 	 15.910926 	 -17.090477 	
27 	 15890.625000 	 16.235994 	 -19.453093 	
28 	 13640.625000 	 16.635260 	 -22.027864 	
29 	 11671.875000 	 17.141331 	 -24.892382 	
30 	 10078.125000 	 17.716070 	 -27.819246 	
31 	 8578.125000 	 18.498859 	 -31.237204 	
32 	 7359.375488 	 19.423185 	 -34.705338 	
33 	 6328.125000 	 20.539753 	 -38.252426 	
34 	 5376.838379 	 22.037235 	 -42.216045 	
35 	 4641.543945 	 23.692780 	 -45.810265 	
36 	 3984.374756 	 25.763355 	 -49.523663 	
37 	 3421.875000 	 28.279125 	 -53.079948 	
38 	 2953.125000 	 31.177364 	 -56.398205 	
39 	 2527.573486 	 34.832706 	 -59.683617 	
40 	 2159.926514 	 39.242260 	 -62.761684 	
41 	 1847.956665 	 44.445461 	 -65.522682 	
42 	 1577.524048 	 50.635235 	 -68.081398 	
43 	 1359.375000 	 57.485893 	 -70.219551 	
44 	 1171.875000 	 65.405807 	 -72.130577 	
45 	 998.263855 	 75.422417 	 -73.983948 	
46 	 856.370239 	 86.636230 	 -75.535233 	
47 	 737.847229 	 99.296547 	 -76.813789 	
48 	 627.790161 	 115.156471 	 -78.125473 	
49 	 544.084778 	 131.511047 	 -79.069839 	
50 	 460.379456 	 153.673096 	 -80.033279 	
51 	 397.995270 	 176.174088 	 -80.782585 	
52 	 340.221771 	 204.196869 	 -81.493660 	
53 	 292.968750 	 235.172501 	 -82.076645 	
54 	 252.403839 	 270.786835 	 -82.587616 	
55 	 217.013885 	 310.674011 	 -82.958702 	
56 	 186.011902 	 360.585785 	 -83.369629 	
57 	 158.361496 	 420.810425 	 -83.732635 	
58 	 135.216339 	 489.382141 	 -84.043999 	
59 	 117.187500 	 560.857117 	 -84.288673 	
