IMPEDANCE MEASUREMENT 
2:19:58.606 PM 2026-10-06
Chamber temperature (K): 296.32
Chamber pressure (MPa): 61.32
Description: 	Default
Driving voltage (V): 0.01
Start freq (Hz): 1E+6
Stop freq (Hz): 1E+2
# freq steps: 60
Index #	Frequency (Hz)	Impedance (ohms)	Phase (degrees)
0 	 1000078.125000 	 18.617874 	 36.134277 	
1 	 857765.625000 	 17.715832 	 32.120842 	
2 	 735703.125000 	 17.016571 	 28.274672 	
3 	 630984.375000 	 16.463444 	 24.732790 	
4 	 541171.875000 	 16.038288 	 21.494457 	
5 	 464203.125000 	 15.722857 	 18.490515 	
6 	 398109.375000 	 15.465262 	 15.786517 	
7 	 341484.375000 	 15.291748 	 13.334817 	
8 	 292921.875000 	 15.151288 	 11.145735 	
9 	 251203.140625 	 15.056446 	 9.153390 	
10 	 215484.375000 	 14.983884 	 7.332413 	
11 	 184828.125000 	 14.931783 	 5.706129 	
12 	 158578.125000 	 14.914911 	 4.170196 	
13 	 135984.375000 	 14.896317 	 2.746517 	
14 	 116671.867187 	 14.904178 	 1.417210 	
15 	 100078.125000 	 14.920876 	 0.144726 	
16 	 85828.125000 	 14.948293 	 -1.128106 	
17 	 73640.625000 	 14.992712 	 -2.403075 	
18 	 63140.625000 	 15.044818 	 -3.700748 	
19 	 54140.625000 	 15.118707 	 -5.022857 	
20 	 46453.125000 	 15.207796 	 -6.407298 	
21 	 39890.625000 	 15.317101 	 -7.886327 	
22 	 34171.875000 	 15.449259 	 -9.450162 	
23 	 29296.875000 	 15.608242 	 -11.167667 	
24 	 25171.875000 	 15.800998 	 -12.963732 	
25 	 21609.375000 	 16.031624 	 -14.943923 	
26 	 18515.625000 	 16.315870 	 -17.136129 	
27 	 15890.625000 	 16.652830 	 -19.514174 	
28 	 13640.625000 	 17.073391 	 -22.086817 	
29 	 11671.875000 	 17.589521 	 -24.950373 	
30 	 10078.125000 	 18.187273 	 -27.857712 	
31 	 8578.125000 	 18.991489 	 -31.290197 	
32 	 7359.375488 	 19.941885 	 -34.718666 	
33 	 6328.125000 	 21.106207 	 -38.286877 	
34 	 5376.838379 	 22.639923 	 -42.193562 	
35 	 4641.543945 	 24.343304 	 -45.778034 	
36 	 3984.374756 	 26.477713 	 -49.405663 	
37 	 3421.875000 	 29.048706 	 -52.977760 	
38 	 2953.125000 	 32.017559 	 -56.242908 	
39 	 2527.573486 	 35.774689 	 -59.465191 	
40 	 2159.926514 	 40.260727 	 -62.568081 	
41 	 1847.956665 	 45.578449 	 -65.274925 	
42 	 1577.524048 	 51.909382 	 -67.807663 	
43 	 1359.375000 	 58.897930 	 -69.922012 	
44 	 1171.875000 	 66.988159 	 -71.779945 	
45 	 998.263855 	 77.122528 	 -73.643257 	
46 	 856.370239 	 88.571190 	 -75.148842 	
47 	 737.847229 	 101.441147 	 -76.478157 	
48 	 627.790161 	 117.612015 	 -77.758636 	
49 	 544.084778 	 134.256271 	 -78.739662 	
50 	 460.379456 	 156.668579 	 -79.656769 	
51 	 397.995270 	 179.485153 	 -80.404228 	
52 	 340.221771 	 207.878723 	 -81.110588 	
53 	 292.968750 	 239.230637 	 -81.693428 	
54 	 252.403839 	 275.266235 	 -82.202644 	
55 	 217.013885 	 315.759735 	 -82.569435 	
56 	 186.011902 	 366.139343 	 -82.971855 	
57 	 158.361496 	 426.877563 	 -83.343712 	
58 	 135.216339 	 496.133392 	 -83.657341 	
59 	 117.187500 	 568.384460 	 -83.904922 	
