IMPEDANCE MEASUREMENT 
4:56:33.099 PM 2026-10-06
Chamber temperature (K): 296.46
Chamber pressure (MPa): 124.96
Description: 	Default
Driving voltage (V): 0.01
Start freq (Hz): 1E+6
Stop freq (Hz): 1E+2
# freq steps: 60
Index #	Frequency (Hz)	Impedance (ohms)	Phase (degrees)
0 	 1000078.125000 	 18.419247 	 36.563347 	
1 	 857765.625000 	 17.507683 	 32.562618 	
2 	 735703.125000 	 16.789219 	 28.685608 	
3 	 630984.375000 	 16.235531 	 25.139505 	
4 	 541171.875000 	 15.803117 	 21.825644 	
5 	 464203.125000 	 15.476464 	 18.800735 	
6 	 398109.375000 	 15.224072 	 16.062159 	
7 	 341484.375000 	 15.041755 	 13.581956 	
8 	 292921.875000 	 14.900927 	 11.357903 	
9 	 251203.140625 	 14.801210 	 9.344515 	
10 	 215484.375000 	 14.728544 	 7.507177 	
11 	 184828.125000 	 14.684400 	 5.825565 	
12 	 158578.125000 	 14.656590 	 4.300757 	
13 	 135984.375000 	 14.643775 	 2.860898 	
14 	 116671.867187 	 14.654340 	 1.489466 	
15 	 100078.125000 	 14.668139 	 0.197118 	
16 	 85828.125000 	 14.694990 	 -1.081903 	
17 	 73640.625000 	 14.730624 	 -2.354481 	
18 	 63140.625000 	 14.791117 	 -3.652656 	
19 	 54140.625000 	 14.861054 	 -4.979228 	
20 	 46453.125000 	 14.949449 	 -6.381742 	
21 	 39890.625000 	 15.052320 	 -7.837292 	
22 	 34171.875000 	 15.183190 	 -9.420462 	
23 	 29296.875000 	 15.341302 	 -11.109242 	
24 	 25171.875000 	 15.527087 	 -12.920994 	
25 	 21609.375000 	 15.752158 	 -14.908017 	
26 	 18515.625000 	 16.030163 	 -17.104443 	
27 	 15890.625000 	 16.366108 	 -19.471884 	
28 	 13640.625000 	 16.768396 	 -22.049294 	
29 	 11671.875000 	 17.274328 	 -24.911526 	
30 	 10078.125000 	 17.853403 	 -27.839809 	
31 	 8578.125000 	 18.646591 	 -31.282297 	
32 	 7359.375488 	 19.573620 	 -34.729443 	
33 	 6328.125000 	 20.704353 	 -38.301468 	
34 	 5376.838379 	 22.218960 	 -42.239685 	
35 	 4641.543945 	 23.884136 	 -45.827335 	
36 	 3984.374756 	 25.976240 	 -49.515423 	
37 	 3421.875000 	 28.516294 	 -53.086685 	
38 	 2953.125000 	 31.442240 	 -56.409676 	
39 	 2527.573486 	 35.140476 	 -59.670364 	
40 	 2159.926514 	 39.571651 	 -62.722477 	
41 	 1847.956665 	 44.772190 	 -65.499924 	
42 	 1577.524048 	 51.075874 	 -68.040825 	
43 	 1359.375000 	 57.957321 	 -70.192238 	
44 	 1171.875000 	 65.933105 	 -72.122551 	
45 	 998.263855 	 76.051605 	 -73.909698 	
46 	 856.370239 	 87.335579 	 -75.466270 	
47 	 737.847229 	 100.078827 	 -76.787201 	
48 	 627.790161 	 116.196465 	 -78.068024 	
49 	 544.084778 	 132.635513 	 -79.036942 	
50 	 460.379456 	 154.881317 	 -79.976250 	
51 	 397.995270 	 177.520599 	 -80.725502 	
52 	 340.221771 	 205.745544 	 -81.432983 	
53 	 292.968750 	 236.902145 	 -82.016571 	
54 	 252.403839 	 272.779388 	 -82.525032 	
55 	 217.013885 	 312.866455 	 -82.894356 	
56 	 186.011902 	 363.143982 	 -83.298416 	
57 	 158.361496 	 423.646057 	 -83.659882 	
58 	 135.216339 	 492.734863 	 -83.966522 	
59 	 117.187500 	 564.845215 	 -84.210236 	
