IMPEDANCE MEASUREMENT 
1:48:22.512 PM 2026-10-06
Chamber temperature (K): 296.21
Chamber pressure (MPa): 0.89
Description: 	Default
Driving voltage (V): 0.01
Start freq (Hz): 1E+6
Stop freq (Hz): 1E+2
# freq steps: 60
Index #	Frequency (Hz)	Impedance (ohms)	Phase (degrees)
0 	 1000078.125000 	 20.063503 	 36.223778 	
1 	 857765.625000 	 19.058907 	 32.234501 	
2 	 735703.125000 	 18.277977 	 28.422298 	
3 	 630984.375000 	 17.671164 	 24.856495 	
4 	 541171.875000 	 17.204107 	 21.580402 	
5 	 464203.125000 	 16.853395 	 18.574926 	
6 	 398109.375000 	 16.583349 	 15.844175 	
7 	 341484.375000 	 16.380953 	 13.365314 	
8 	 292921.875000 	 16.233889 	 11.162704 	
9 	 251203.140625 	 16.128553 	 9.179312 	
10 	 215484.375000 	 16.055729 	 7.357733 	
11 	 184828.125000 	 16.011734 	 5.692772 	
12 	 158578.125000 	 15.977504 	 4.175301 	
13 	 135984.375000 	 15.970840 	 2.763196 	
14 	 116671.867187 	 15.973426 	 1.392432 	
15 	 100078.125000 	 15.997966 	 0.122969 	
16 	 85828.125000 	 16.026014 	 -1.151059 	
17 	 73640.625000 	 16.074598 	 -2.416304 	
18 	 63140.625000 	 16.138348 	 -3.695623 	
19 	 54140.625000 	 16.219217 	 -5.024972 	
20 	 46453.125000 	 16.314734 	 -6.392472 	
21 	 39890.625000 	 16.436089 	 -7.847442 	
22 	 34171.875000 	 16.584612 	 -9.404072 	
23 	 29296.875000 	 16.765450 	 -11.080365 	
24 	 25171.875000 	 16.977057 	 -12.850725 	
25 	 21609.375000 	 17.230385 	 -14.784174 	
26 	 18515.625000 	 17.544718 	 -16.936277 	
27 	 15890.625000 	 17.920813 	 -19.202208 	
28 	 13640.625000 	 18.370747 	 -21.673925 	
29 	 11671.875000 	 18.926271 	 -24.406118 	
30 	 10078.125000 	 19.561466 	 -27.172804 	
31 	 8578.125000 	 20.407885 	 -30.416069 	
32 	 7359.375488 	 21.398666 	 -33.707737 	
33 	 6328.125000 	 22.584444 	 -37.082417 	
34 	 5376.838379 	 24.147659 	 -40.832375 	
35 	 4641.543945 	 25.872864 	 -44.281719 	
36 	 3984.374756 	 28.033445 	 -47.874779 	
37 	 3421.875000 	 30.624060 	 -51.348251 	
38 	 2953.125000 	 33.626556 	 -54.598530 	
39 	 2527.573486 	 37.391735 	 -57.878376 	
40 	 2159.926514 	 41.920918 	 -60.963882 	
41 	 1847.956665 	 47.257072 	 -63.786903 	
42 	 1577.524048 	 53.649052 	 -66.380753 	
43 	 1359.375000 	 60.721874 	 -68.603767 	
44 	 1171.875000 	 68.924965 	 -70.600319 	
45 	 998.263855 	 79.206512 	 -72.506828 	
46 	 856.370239 	 90.753250 	 -74.120911 	
47 	 737.847229 	 103.700333 	 -75.501862 	
48 	 627.790161 	 120.033798 	 -76.768639 	
49 	 544.084778 	 136.956696 	 -77.836502 	
50 	 460.379456 	 159.641815 	 -78.888588 	
51 	 397.995270 	 182.697571 	 -79.694450 	
52 	 340.221771 	 211.399445 	 -80.457474 	
53 	 292.968750 	 243.049484 	 -81.089066 	
54 	 252.403839 	 279.473145 	 -81.647499 	
55 	 217.013885 	 322.043579 	 -82.143799 	
56 	 186.011902 	 372.272491 	 -82.578697 	
57 	 158.361496 	 433.159058 	 -82.986610 	
58 	 135.216339 	 502.834412 	 -83.330109 	
59 	 117.187500 	 575.611267 	 -83.604729 	
