IMPEDANCE MEASUREMENT 
3:41:11.122 PM 2026-10-06
Chamber temperature (K): 296.41
Chamber pressure (MPa): 150.72
Description: 	Default
Driving voltage (V): 0.01
Start freq (Hz): 1E+6
Stop freq (Hz): 1E+2
# freq steps: 60
Index #	Frequency (Hz)	Impedance (ohms)	Phase (degrees)
0 	 1000078.125000 	 18.489996 	 36.360943 	
1 	 857765.625000 	 17.587200 	 32.359356 	
2 	 735703.125000 	 16.885313 	 28.528015 	
3 	 630984.375000 	 16.326986 	 24.980389 	
4 	 541171.875000 	 15.900272 	 21.687687 	
5 	 464203.125000 	 15.575175 	 18.706507 	
6 	 398109.375000 	 15.326936 	 15.998259 	
7 	 341484.375000 	 15.142556 	 13.539804 	
8 	 292921.875000 	 14.997957 	 11.313117 	
9 	 251203.140625 	 14.895738 	 9.329220 	
10 	 215484.375000 	 14.829871 	 7.492416 	
11 	 184828.125000 	 14.784700 	 5.864417 	
12 	 158578.125000 	 14.750229 	 4.334780 	
13 	 135984.375000 	 14.737565 	 2.900142 	
14 	 116671.867187 	 14.749865 	 1.593881 	
15 	 100078.125000 	 14.760238 	 0.298059 	
16 	 85828.125000 	 14.783884 	 -0.948822 	
17 	 73640.625000 	 14.823701 	 -2.189383 	
18 	 63140.625000 	 14.878359 	 -3.459825 	
19 	 54140.625000 	 14.946799 	 -4.755198 	
20 	 46453.125000 	 15.027078 	 -6.114205 	
21 	 39890.625000 	 15.125970 	 -7.544163 	
22 	 34171.875000 	 15.250631 	 -9.083758 	
23 	 29296.875000 	 15.404531 	 -10.721503 	
24 	 25171.875000 	 15.586890 	 -12.479574 	
25 	 21609.375000 	 15.798524 	 -14.416845 	
26 	 18515.625000 	 16.068117 	 -16.559246 	
27 	 15890.625000 	 16.384892 	 -18.853321 	
28 	 13640.625000 	 16.770073 	 -21.353905 	
29 	 11671.875000 	 17.249352 	 -24.154282 	
30 	 10078.125000 	 17.801191 	 -27.015491 	
31 	 8578.125000 	 18.550646 	 -30.396172 	
32 	 7359.375488 	 19.439718 	 -33.810303 	
33 	 6328.125000 	 20.508318 	 -37.342175 	
34 	 5376.838379 	 21.948946 	 -41.247845 	
35 	 4641.543945 	 23.535585 	 -44.838024 	
36 	 3984.374756 	 25.551371 	 -48.567993 	
37 	 3421.875000 	 27.962145 	 -52.174145 	
38 	 2953.125000 	 30.772549 	 -55.524845 	
39 	 2527.573486 	 34.315323 	 -58.875881 	
40 	 2159.926514 	 38.568615 	 -62.032742 	
41 	 1847.956665 	 43.600761 	 -64.831352 	
42 	 1577.524048 	 49.672119 	 -67.467339 	
43 	 1359.375000 	 56.334297 	 -69.734367 	
44 	 1171.875000 	 64.046738 	 -71.685448 	
45 	 998.263855 	 73.844315 	 -73.634430 	
46 	 856.370239 	 84.774742 	 -75.197655 	
47 	 737.847229 	 97.056480 	 -76.553894 	
48 	 627.790161 	 112.614334 	 -77.849266 	
49 	 544.084778 	 128.682861 	 -78.834084 	
50 	 460.379456 	 150.302658 	 -79.885048 	
51 	 397.995270 	 172.302368 	 -80.666542 	
52 	 340.221771 	 199.718033 	 -81.397957 	
53 	 292.968750 	 230.001511 	 -82.008530 	
54 	 252.403839 	 264.837982 	 -82.538742 	
55 	 217.013885 	 305.639618 	 -83.002106 	
56 	 186.011902 	 352.492645 	 -83.351662 	
57 	 158.361496 	 411.506805 	 -83.727821 	
58 	 135.216339 	 478.737579 	 -84.059326 	
59 	 117.187500 	 548.759827 	 -84.304611 	
