IMPEDANCE MEASUREMENT 
4:57:26.430 PM 2026-10-06
Chamber temperature (K): 296.47
Chamber pressure (MPa): 125.18
Description: 	Default
Driving voltage (V): 0.01
Start freq (Hz): 1E+6
Stop freq (Hz): 1E+2
# freq steps: 60
Index #	Frequency (Hz)	Impedance (ohms)	Phase (degrees)
0 	 1000078.125000 	 18.422667 	 36.558376 	
1 	 857765.625000 	 17.514732 	 32.531193 	
2 	 735703.125000 	 16.796251 	 28.700035 	
3 	 630984.375000 	 16.244480 	 25.108160 	
4 	 541171.875000 	 15.819349 	 21.805111 	
5 	 464203.125000 	 15.486469 	 18.802917 	
6 	 398109.375000 	 15.238510 	 16.058710 	
7 	 341484.375000 	 15.048923 	 13.575928 	
8 	 292921.875000 	 14.915153 	 11.353701 	
9 	 251203.140625 	 14.816745 	 9.322470 	
10 	 215484.375000 	 14.739498 	 7.493048 	
11 	 184828.125000 	 14.703046 	 5.815397 	
12 	 158578.125000 	 14.669880 	 4.283381 	
13 	 135984.375000 	 14.653765 	 2.851828 	
14 	 116671.867187 	 14.659593 	 1.486916 	
15 	 100078.125000 	 14.676023 	 0.195172 	
16 	 85828.125000 	 14.704551 	 -1.079097 	
17 	 73640.625000 	 14.747318 	 -2.347964 	
18 	 63140.625000 	 14.801206 	 -3.652356 	
19 	 54140.625000 	 14.868909 	 -4.984532 	
20 	 46453.125000 	 14.959921 	 -6.364594 	
21 	 39890.625000 	 15.066862 	 -7.840719 	
22 	 34171.875000 	 15.198928 	 -9.426025 	
23 	 29296.875000 	 15.354429 	 -11.109552 	
24 	 25171.875000 	 15.538446 	 -12.917559 	
25 	 21609.375000 	 15.768340 	 -14.894295 	
26 	 18515.625000 	 16.048006 	 -17.090006 	
27 	 15890.625000 	 16.374346 	 -19.452684 	
28 	 13640.625000 	 16.777847 	 -22.033239 	
29 	 11671.875000 	 17.281750 	 -24.900787 	
30 	 10078.125000 	 17.866865 	 -27.806568 	
31 	 8578.125000 	 18.651127 	 -31.250587 	
32 	 7359.375488 	 19.591709 	 -34.719631 	
33 	 6328.125000 	 20.721659 	 -38.277668 	
34 	 5376.838379 	 22.227951 	 -42.223072 	
35 	 4641.543945 	 23.896111 	 -45.798882 	
36 	 3984.374756 	 25.999580 	 -49.506516 	
37 	 3421.875000 	 28.522484 	 -53.085949 	
38 	 2953.125000 	 31.455938 	 -56.385960 	
39 	 2527.573486 	 35.133434 	 -59.621380 	
40 	 2159.926514 	 39.565758 	 -62.732731 	
41 	 1847.956665 	 44.806068 	 -65.491936 	
42 	 1577.524048 	 51.051376 	 -68.068977 	
43 	 1359.375000 	 57.946266 	 -70.204666 	
44 	 1171.875000 	 65.918854 	 -72.084686 	
45 	 998.263855 	 76.031418 	 -73.892265 	
46 	 856.370239 	 87.324005 	 -75.412827 	
47 	 737.847229 	 100.025597 	 -76.789734 	
48 	 627.790161 	 116.143532 	 -78.022484 	
49 	 544.084778 	 132.700714 	 -79.088348 	
50 	 460.379456 	 154.885941 	 -79.972809 	
51 	 397.995270 	 177.525085 	 -80.726212 	
52 	 340.221771 	 205.754318 	 -81.433945 	
53 	 292.968750 	 236.898437 	 -82.017471 	
54 	 252.403839 	 272.779968 	 -82.527504 	
55 	 217.013885 	 312.854401 	 -82.896156 	
56 	 186.011902 	 363.094666 	 -83.296181 	
57 	 158.361496 	 423.715027 	 -83.667503 	
58 	 135.216339 	 492.755524 	 -83.971382 	
59 	 117.187500 	 564.810181 	 -84.208847 	
