IMPEDANCE MEASUREMENT 
3:35:19.502 PM 2026-10-06
Chamber temperature (K): 296.43
Chamber pressure (MPa): 174.44
Description: 	Default
Driving voltage (V): 0.01
Start freq (Hz): 1E+6
Stop freq (Hz): 1E+2
# freq steps: 60
Index #	Frequency (Hz)	Impedance (ohms)	Phase (degrees)
0 	 1000078.125000 	 18.474335 	 36.490852 	
1 	 857765.625000 	 17.563240 	 32.439430 	
2 	 735703.125000 	 16.849592 	 28.617672 	
3 	 630984.375000 	 16.294216 	 25.037052 	
4 	 541171.875000 	 15.869991 	 21.762487 	
5 	 464203.125000 	 15.536316 	 18.744560 	
6 	 398109.375000 	 15.289316 	 16.032793 	
7 	 341484.375000 	 15.099253 	 13.551978 	
8 	 292921.875000 	 14.966160 	 11.350050 	
9 	 251203.140625 	 14.865905 	 9.327081 	
10 	 215484.375000 	 14.789212 	 7.529540 	
11 	 184828.125000 	 14.742614 	 5.853209 	
12 	 158578.125000 	 14.715813 	 4.321320 	
13 	 135984.375000 	 14.699682 	 2.913352 	
14 	 116671.867187 	 14.704462 	 1.577987 	
15 	 100078.125000 	 14.725086 	 0.311395 	
16 	 85828.125000 	 14.747080 	 -0.944304 	
17 	 73640.625000 	 14.785402 	 -2.205168 	
18 	 63140.625000 	 14.842323 	 -3.466815 	
19 	 54140.625000 	 14.909163 	 -4.776392 	
20 	 46453.125000 	 14.989532 	 -6.114401 	
21 	 39890.625000 	 15.094968 	 -7.560961 	
22 	 34171.875000 	 15.218930 	 -9.088062 	
23 	 29296.875000 	 15.369752 	 -10.739073 	
24 	 25171.875000 	 15.546140 	 -12.514668 	
25 	 21609.375000 	 15.764021 	 -14.440042 	
26 	 18515.625000 	 16.030264 	 -16.571249 	
27 	 15890.625000 	 16.349382 	 -18.894154 	
28 	 13640.625000 	 16.733282 	 -21.405863 	
29 	 11671.875000 	 17.217487 	 -24.224833 	
30 	 10078.125000 	 17.770065 	 -27.078669 	
31 	 8578.125000 	 18.519939 	 -30.453390 	
32 	 7359.375488 	 19.406719 	 -33.886322 	
33 	 6328.125000 	 20.481157 	 -37.398098 	
34 	 5376.838379 	 21.914015 	 -41.326061 	
35 	 4641.543945 	 23.515118 	 -44.933670 	
36 	 3984.374756 	 25.521412 	 -48.625069 	
37 	 3421.875000 	 27.937540 	 -52.239845 	
38 	 2953.125000 	 30.736794 	 -55.599285 	
39 	 2527.573486 	 34.292801 	 -58.929893 	
40 	 2159.926514 	 38.567455 	 -62.067970 	
41 	 1847.956665 	 43.607780 	 -64.947754 	
42 	 1577.524048 	 49.679733 	 -67.558319 	
43 	 1359.375000 	 56.341446 	 -69.783035 	
44 	 1171.875000 	 64.030228 	 -71.741699 	
45 	 998.263855 	 73.874512 	 -73.640617 	
46 	 856.370239 	 84.790474 	 -75.269737 	
47 	 737.847229 	 97.081673 	 -76.575256 	
48 	 627.790161 	 112.540749 	 -77.841957 	
49 	 544.084778 	 128.700500 	 -78.937706 	
50 	 460.379456 	 150.372574 	 -79.903664 	
51 	 397.995270 	 172.373611 	 -80.682663 	
52 	 340.221771 	 199.807922 	 -81.414871 	
53 	 292.968750 	 230.103577 	 -82.022606 	
54 	 252.403839 	 264.969330 	 -82.546906 	
55 	 217.013885 	 305.797394 	 -83.011642 	
56 	 186.011902 	 352.617554 	 -83.355888 	
57 	 158.361496 	 411.668945 	 -83.734184 	
58 	 135.216339 	 478.951996 	 -84.057800 	
59 	 117.187500 	 549.064270 	 -84.310333 	
