IMPEDANCE MEASUREMENT 
4:47:32.811 PM 2026-10-06
Chamber temperature (K): 296.45
Chamber pressure (MPa): 99.26
Description: 	Default
Driving voltage (V): 0.01
Start freq (Hz): 1E+6
Stop freq (Hz): 1E+2
# freq steps: 60
Index #	Frequency (Hz)	Impedance (ohms)	Phase (degrees)
0 	 1000078.125000 	 18.497116 	 36.414097 	
1 	 857765.625000 	 17.584248 	 32.372723 	
2 	 735703.125000 	 16.864494 	 28.539537 	
3 	 630984.375000 	 16.305624 	 24.967804 	
4 	 541171.875000 	 15.884890 	 21.684715 	
5 	 464203.125000 	 15.557226 	 18.685055 	
6 	 398109.375000 	 15.310899 	 15.953514 	
7 	 341484.375000 	 15.128258 	 13.494602 	
8 	 292921.875000 	 14.981544 	 11.285216 	
9 	 251203.140625 	 14.890121 	 9.260502 	
10 	 215484.375000 	 14.820514 	 7.446489 	
11 	 184828.125000 	 14.777630 	 5.794625 	
12 	 158578.125000 	 14.747876 	 4.260709 	
13 	 135984.375000 	 14.740047 	 2.837283 	
14 	 116671.867187 	 14.738723 	 1.459862 	
15 	 100078.125000 	 14.756979 	 0.182346 	
16 	 85828.125000 	 14.789280 	 -1.100104 	
17 	 73640.625000 	 14.825830 	 -2.368159 	
18 	 63140.625000 	 14.882309 	 -3.653721 	
19 	 54140.625000 	 14.953347 	 -4.987919 	
20 	 46453.125000 	 15.039947 	 -6.360574 	
21 	 39890.625000 	 15.144691 	 -7.822802 	
22 	 34171.875000 	 15.275134 	 -9.397769 	
23 	 29296.875000 	 15.433053 	 -11.091010 	
24 	 25171.875000 	 15.620863 	 -12.885020 	
25 	 21609.375000 	 15.852118 	 -14.866562 	
26 	 18515.625000 	 16.126303 	 -17.047842 	
27 	 15890.625000 	 16.460104 	 -19.404434 	
28 	 13640.625000 	 16.865671 	 -21.989428 	
29 	 11671.875000 	 17.370947 	 -24.855661 	
30 	 10078.125000 	 17.957428 	 -27.759514 	
31 	 8578.125000 	 18.746792 	 -31.193834 	
32 	 7359.375488 	 19.680538 	 -34.666374 	
33 	 6328.125000 	 20.807785 	 -38.197083 	
34 	 5376.838379 	 22.323044 	 -42.145512 	
35 	 4641.543945 	 24.000633 	 -45.740932 	
36 	 3984.374756 	 26.091810 	 -49.438492 	
37 	 3421.875000 	 28.637856 	 -52.981102 	
38 	 2953.125000 	 31.554714 	 -56.319359 	
39 	 2527.573486 	 35.251507 	 -59.611904 	
40 	 2159.926514 	 39.697243 	 -62.621243 	
41 	 1847.956665 	 44.947788 	 -65.436043 	
42 	 1577.524048 	 51.240448 	 -67.969460 	
43 	 1359.375000 	 58.124977 	 -70.082710 	
44 	 1171.875000 	 66.158615 	 -72.046867 	
45 	 998.263855 	 76.278389 	 -73.893555 	
46 	 856.370239 	 87.601830 	 -75.387955 	
47 	 737.847229 	 100.301659 	 -76.783104 	
48 	 627.790161 	 116.336990 	 -78.016487 	
49 	 544.084778 	 132.946198 	 -78.989120 	
50 	 460.379456 	 155.268265 	 -79.929825 	
51 	 397.995270 	 177.959137 	 -80.682068 	
52 	 340.221771 	 206.232208 	 -81.392151 	
53 	 292.968750 	 237.460327 	 -81.974686 	
54 	 252.403839 	 273.395599 	 -82.486046 	
55 	 217.013885 	 313.567078 	 -82.858452 	
56 	 186.011902 	 363.887787 	 -83.263573 	
57 	 158.361496 	 424.542175 	 -83.626472 	
58 	 135.216339 	 493.685638 	 -83.935776 	
59 	 117.187500 	 565.882019 	 -84.187576 	
