IMPEDANCE MEASUREMENT 
4:29:52.055 PM 2026-10-06
Chamber temperature (K): 296.44
Chamber pressure (MPa): 49.67
Description: 	Default
Driving voltage (V): 0.01
Start freq (Hz): 1E+6
Stop freq (Hz): 1E+2
# freq steps: 60
Index #	Frequency (Hz)	Impedance (ohms)	Phase (degrees)
0 	 1000078.125000 	 18.690056 	 35.957973 	
1 	 857765.625000 	 17.796684 	 31.927179 	
2 	 735703.125000 	 17.095022 	 28.153879 	
3 	 630984.375000 	 16.550274 	 24.619295 	
4 	 541171.875000 	 16.129963 	 21.366259 	
5 	 464203.125000 	 15.807919 	 18.395185 	
6 	 398109.375000 	 15.563069 	 15.701268 	
7 	 341484.375000 	 15.380551 	 13.295341 	
8 	 292921.875000 	 15.244608 	 11.079994 	
9 	 251203.140625 	 15.146033 	 9.115108 	
10 	 215484.375000 	 15.080677 	 7.329652 	
11 	 184828.125000 	 15.029664 	 5.675389 	
12 	 158578.125000 	 15.000981 	 4.179581 	
13 	 135984.375000 	 14.994724 	 2.773432 	
14 	 116671.867187 	 14.991329 	 1.432685 	
15 	 100078.125000 	 15.015167 	 0.169428 	
16 	 85828.125000 	 15.044823 	 -1.081959 	
17 	 73640.625000 	 15.084053 	 -2.320746 	
18 	 63140.625000 	 15.137448 	 -3.593413 	
19 	 54140.625000 	 15.211101 	 -4.896229 	
20 	 46453.125000 	 15.294932 	 -6.267837 	
21 	 39890.625000 	 15.403141 	 -7.696420 	
22 	 34171.875000 	 15.532490 	 -9.262356 	
23 	 29296.875000 	 15.689219 	 -10.911708 	
24 	 25171.875000 	 15.877998 	 -12.700373 	
25 	 21609.375000 	 16.100252 	 -14.650002 	
26 	 18515.625000 	 16.378948 	 -16.822102 	
27 	 15890.625000 	 16.711208 	 -19.137854 	
28 	 13640.625000 	 17.112562 	 -21.676250 	
29 	 11671.875000 	 17.619484 	 -24.508297 	
30 	 10078.125000 	 18.195757 	 -27.391352 	
31 	 8578.125000 	 18.982738 	 -30.771858 	
32 	 7359.375488 	 19.908300 	 -34.215271 	
33 	 6328.125000 	 21.030241 	 -37.765800 	
34 	 5376.838379 	 22.528969 	 -41.678268 	
35 	 4641.543945 	 24.186758 	 -45.277996 	
36 	 3984.374756 	 26.281712 	 -48.965248 	
37 	 3421.875000 	 28.803904 	 -52.525311 	
38 	 2953.125000 	 31.707268 	 -55.859329 	
39 	 2527.573486 	 35.386726 	 -59.200314 	
40 	 2159.926514 	 39.850521 	 -62.297844 	
41 	 1847.956665 	 45.039402 	 -65.057419 	
42 	 1577.524048 	 51.312603 	 -67.669250 	
43 	 1359.375000 	 58.216427 	 -69.811989 	
44 	 1171.875000 	 66.192513 	 -71.767792 	
45 	 998.263855 	 76.350456 	 -73.640533 	
46 	 856.370239 	 87.562225 	 -75.207993 	
47 	 737.847229 	 100.309807 	 -76.528885 	
48 	 627.790161 	 116.350243 	 -77.804298 	
49 	 544.084778 	 132.856918 	 -78.817055 	
50 	 460.379456 	 155.177261 	 -79.800034 	
51 	 397.995270 	 177.847946 	 -80.561455 	
52 	 340.221771 	 206.089951 	 -81.289314 	
53 	 292.968750 	 237.249939 	 -81.881607 	
54 	 252.403839 	 273.135071 	 -82.399269 	
55 	 217.013885 	 313.244751 	 -82.779243 	
56 	 186.011902 	 363.505676 	 -83.189377 	
57 	 158.361496 	 424.103668 	 -83.563675 	
58 	 135.216339 	 493.144531 	 -83.878555 	
59 	 117.187500 	 565.271423 	 -84.127037 	
