IMPEDANCE MEASUREMENT 
4:37:12.029 PM 2026-10-06
Chamber temperature (K): 296.44
Chamber pressure (MPa): 73.92
Description: 	Default
Driving voltage (V): 0.01
Start freq (Hz): 1E+6
Stop freq (Hz): 1E+2
# freq steps: 60
Index #	Frequency (Hz)	Impedance (ohms)	Phase (degrees)
0 	 1000078.125000 	 18.570257 	 36.244705 	
1 	 857765.625000 	 17.662321 	 32.221760 	
2 	 735703.125000 	 16.949909 	 28.401060 	
3 	 630984.375000 	 16.409477 	 24.847990 	
4 	 541171.875000 	 15.980136 	 21.549999 	
5 	 464203.125000 	 15.657606 	 18.580509 	
6 	 398109.375000 	 15.413346 	 15.857244 	
7 	 341484.375000 	 15.226879 	 13.407439 	
8 	 292921.875000 	 15.086352 	 11.197067 	
9 	 251203.140625 	 14.991385 	 9.209934 	
10 	 215484.375000 	 14.917326 	 7.405858 	
11 	 184828.125000 	 14.870611 	 5.734448 	
12 	 158578.125000 	 14.847250 	 4.224213 	
13 	 135984.375000 	 14.839409 	 2.808629 	
14 	 116671.867187 	 14.836042 	 1.478742 	
15 	 100078.125000 	 14.856634 	 0.186435 	
16 	 85828.125000 	 14.887613 	 -1.085530 	
17 	 73640.625000 	 14.926314 	 -2.343565 	
18 	 63140.625000 	 14.980916 	 -3.631240 	
19 	 54140.625000 	 15.054620 	 -4.960317 	
20 	 46453.125000 	 15.138317 	 -6.338246 	
21 	 39890.625000 	 15.245488 	 -7.771362 	
22 	 34171.875000 	 15.375767 	 -9.349269 	
23 	 29296.875000 	 15.533725 	 -11.023808 	
24 	 25171.875000 	 15.720442 	 -12.818851 	
25 	 21609.375000 	 15.948426 	 -14.788004 	
26 	 18515.625000 	 16.228294 	 -16.953371 	
27 	 15890.625000 	 16.563877 	 -19.310997 	
28 	 13640.625000 	 16.964970 	 -21.875753 	
29 	 11671.875000 	 17.468615 	 -24.723978 	
30 	 10078.125000 	 18.048141 	 -27.621351 	
31 	 8578.125000 	 18.838627 	 -31.034805 	
32 	 7359.375488 	 19.768143 	 -34.490517 	
33 	 6328.125000 	 20.897610 	 -38.039314 	
34 	 5376.838379 	 22.406183 	 -41.964912 	
35 	 4641.543945 	 24.081169 	 -45.551373 	
36 	 3984.374756 	 26.172657 	 -49.242168 	
37 	 3421.875000 	 28.698345 	 -52.822456 	
38 	 2953.125000 	 31.632631 	 -56.141201 	
39 	 2527.573486 	 35.319096 	 -59.411819 	
40 	 2159.926514 	 39.776680 	 -62.512306 	
41 	 1847.956665 	 45.000751 	 -65.286957 	
42 	 1577.524048 	 51.238010 	 -67.842926 	
43 	 1359.375000 	 58.185146 	 -69.974655 	
44 	 1171.875000 	 66.144371 	 -71.929771 	
45 	 998.263855 	 76.317108 	 -73.765724 	
46 	 856.370239 	 87.526070 	 -75.310577 	
47 	 737.847229 	 100.212982 	 -76.675987 	
48 	 627.790161 	 116.417419 	 -77.900307 	
49 	 544.084778 	 132.890762 	 -78.893723 	
50 	 460.379456 	 155.242035 	 -79.864388 	
51 	 397.995270 	 177.934341 	 -80.624489 	
52 	 340.221771 	 206.190170 	 -81.335670 	
53 	 292.968750 	 237.370865 	 -81.925674 	
54 	 252.403839 	 273.294037 	 -82.439201 	
55 	 217.013885 	 313.441010 	 -82.817429 	
56 	 186.011902 	 363.733459 	 -83.221481 	
57 	 158.361496 	 424.362732 	 -83.587982 	
58 	 135.216339 	 493.375946 	 -83.894554 	
59 	 117.187500 	 565.584229 	 -84.138908 	
