IMPEDANCE MEASUREMENT 
3:39:24.350 PM 2026-10-06
Chamber temperature (K): 296.42
Chamber pressure (MPa): 152.06
Description: 	Default
Driving voltage (V): 0.01
Start freq (Hz): 1E+6
Stop freq (Hz): 1E+2
# freq steps: 60
Index #	Frequency (Hz)	Impedance (ohms)	Phase (degrees)
0 	 1000078.125000 	 18.547001 	 36.289124 	
1 	 857765.625000 	 17.642525 	 32.256760 	
2 	 735703.125000 	 16.937803 	 28.456108 	
3 	 630984.375000 	 16.383141 	 24.902306 	
4 	 541171.875000 	 15.955322 	 21.624166 	
5 	 464203.125000 	 15.631630 	 18.635832 	
6 	 398109.375000 	 15.383549 	 15.908512 	
7 	 341484.375000 	 15.196934 	 13.488496 	
8 	 292921.875000 	 15.058530 	 11.263100 	
9 	 251203.140625 	 14.956809 	 9.267341 	
10 	 215484.375000 	 14.888319 	 7.436476 	
11 	 184828.125000 	 14.840993 	 5.806939 	
12 	 158578.125000 	 14.804754 	 4.312166 	
13 	 135984.375000 	 14.800418 	 2.908789 	
14 	 116671.867187 	 14.799451 	 1.550464 	
15 	 100078.125000 	 14.816477 	 0.296529 	
16 	 85828.125000 	 14.842293 	 -0.952625 	
17 	 73640.625000 	 14.880942 	 -2.203588 	
18 	 63140.625000 	 14.933477 	 -3.446238 	
19 	 54140.625000 	 14.999111 	 -4.747086 	
20 	 46453.125000 	 15.082628 	 -6.100595 	
21 	 39890.625000 	 15.184079 	 -7.521228 	
22 	 34171.875000 	 15.307510 	 -9.051845 	
23 	 29296.875000 	 15.458410 	 -10.700528 	
24 	 25171.875000 	 15.635264 	 -12.464015 	
25 	 21609.375000 	 15.853726 	 -14.381542 	
26 	 18515.625000 	 16.117825 	 -16.500805 	
27 	 15890.625000 	 16.434353 	 -18.805222 	
28 	 13640.625000 	 16.822842 	 -21.322081 	
29 	 11671.875000 	 17.304764 	 -24.109360 	
30 	 10078.125000 	 17.857927 	 -26.948195 	
31 	 8578.125000 	 18.601484 	 -30.326277 	
32 	 7359.375488 	 19.487547 	 -33.739128 	
33 	 6328.125000 	 20.561398 	 -37.265934 	
34 	 5376.838379 	 21.995581 	 -41.186474 	
35 	 4641.543945 	 23.591568 	 -44.795593 	
36 	 3984.374756 	 25.596554 	 -48.493298 	
37 	 3421.875000 	 28.015684 	 -52.107758 	
38 	 2953.125000 	 30.814932 	 -55.449780 	
39 	 2527.573486 	 34.345531 	 -58.825432 	
40 	 2159.926514 	 38.617142 	 -61.972488 	
41 	 1847.956665 	 43.692669 	 -64.849564 	
42 	 1577.524048 	 49.710152 	 -67.430061 	
43 	 1359.375000 	 56.378036 	 -69.682144 	
44 	 1171.875000 	 64.091843 	 -71.619080 	
45 	 998.263855 	 73.906845 	 -73.559311 	
46 	 856.370239 	 84.786507 	 -75.195114 	
47 	 737.847229 	 97.092712 	 -76.546272 	
48 	 627.790161 	 112.689590 	 -77.873390 	
49 	 544.084778 	 128.654251 	 -78.897820 	
50 	 460.379456 	 150.411789 	 -79.868103 	
51 	 397.995270 	 172.435440 	 -80.649124 	
52 	 340.221771 	 199.837967 	 -81.391220 	
53 	 292.968750 	 230.163361 	 -82.000191 	
54 	 252.403839 	 265.021851 	 -82.528206 	
55 	 217.013885 	 305.878784 	 -82.999695 	
56 	 186.011902 	 352.696686 	 -83.336258 	
57 	 158.361496 	 411.800659 	 -83.724998 	
58 	 135.216339 	 479.059479 	 -84.048706 	
59 	 117.187500 	 549.311951 	 -84.305222 	
