IMPEDANCE MEASUREMENT 
5:14:37.103 PM 2026-10-06
Chamber temperature (K): 296.48
Chamber pressure (MPa): 175.55
Description: 	Default
Driving voltage (V): 0.01
Start freq (Hz): 1E+6
Stop freq (Hz): 1E+2
# freq steps: 60
Index #	Frequency (Hz)	Impedance (ohms)	Phase (degrees)
0 	 1000078.125000 	 18.337303 	 36.781631 	
1 	 857765.625000 	 17.421984 	 32.726444 	
2 	 735703.125000 	 16.704947 	 28.879694 	
3 	 630984.375000 	 16.138729 	 25.281462 	
4 	 541171.875000 	 15.720787 	 21.974419 	
5 	 464203.125000 	 15.384128 	 18.939171 	
6 	 398109.375000 	 15.136010 	 16.177546 	
7 	 341484.375000 	 14.939087 	 13.690646 	
8 	 292921.875000 	 14.809153 	 11.455016 	
9 	 251203.140625 	 14.701391 	 9.415948 	
10 	 215484.375000 	 14.630317 	 7.570875 	
11 	 184828.125000 	 14.585006 	 5.883806 	
12 	 158578.125000 	 14.556734 	 4.346924 	
13 	 135984.375000 	 14.542579 	 2.886254 	
14 	 116671.867187 	 14.544758 	 1.516824 	
15 	 100078.125000 	 14.567258 	 0.235419 	
16 	 85828.125000 	 14.595804 	 -1.063867 	
17 	 73640.625000 	 14.633754 	 -2.331202 	
18 	 63140.625000 	 14.689153 	 -3.626225 	
19 	 54140.625000 	 14.756686 	 -4.970602 	
20 	 46453.125000 	 14.844955 	 -6.359998 	
21 	 39890.625000 	 14.949747 	 -7.810190 	
22 	 34171.875000 	 15.081461 	 -9.396153 	
23 	 29296.875000 	 15.237376 	 -11.081578 	
24 	 25171.875000 	 15.424257 	 -12.911695 	
25 	 21609.375000 	 15.648441 	 -14.879579 	
26 	 18515.625000 	 15.920604 	 -17.071272 	
27 	 15890.625000 	 16.251850 	 -19.444653 	
28 	 13640.625000 	 16.653936 	 -22.007942 	
29 	 11671.875000 	 17.150789 	 -24.882524 	
30 	 10078.125000 	 17.724566 	 -27.779364 	
31 	 8578.125000 	 18.506502 	 -31.208582 	
32 	 7359.375488 	 19.428978 	 -34.690441 	
33 	 6328.125000 	 20.551737 	 -38.241425 	
34 	 5376.838379 	 22.043482 	 -42.173328 	
35 	 4641.543945 	 23.696772 	 -45.796669 	
36 	 3984.374756 	 25.777000 	 -49.490635 	
37 	 3421.875000 	 28.283888 	 -53.057583 	
38 	 2953.125000 	 31.191294 	 -56.324642 	
39 	 2527.573486 	 34.857494 	 -59.657280 	
40 	 2159.926514 	 39.239159 	 -62.706455 	
41 	 1847.956665 	 44.401428 	 -65.544884 	
42 	 1577.524048 	 50.639969 	 -68.076698 	
43 	 1359.375000 	 57.417625 	 -70.188240 	
44 	 1171.875000 	 65.376762 	 -72.114952 	
45 	 998.263855 	 75.419662 	 -73.959549 	
46 	 856.370239 	 86.568817 	 -75.514366 	
47 	 737.847229 	 99.254776 	 -76.821335 	
48 	 627.790161 	 115.132584 	 -78.130844 	
49 	 544.084778 	 131.431213 	 -79.155754 	
50 	 460.379456 	 153.656601 	 -80.031967 	
51 	 397.995270 	 176.156784 	 -80.782883 	
52 	 340.221771 	 204.172211 	 -81.496834 	
53 	 292.968750 	 235.131546 	 -82.078033 	
54 	 252.403839 	 270.752045 	 -82.585762 	
55 	 217.013885 	 310.763306 	 -82.958344 	
56 	 186.011902 	 360.628571 	 -83.365845 	
57 	 158.361496 	 420.814758 	 -83.737686 	
58 	 135.216339 	 489.343018 	 -84.043007 	
59 	 117.187500 	 561.002502 	 -84.280357 	
