IMPEDANCE MEASUREMENT 
2:47:15.652 PM 2026-10-06
Chamber temperature (K): 296.36
Chamber pressure (MPa): 125.6
Description: 	Default
Driving voltage (V): 0.01
Start freq (Hz): 1E+6
Stop freq (Hz): 1E+2
# freq steps: 60
Index #	Frequency (Hz)	Impedance (ohms)	Phase (degrees)
0 	 1000078.125000 	 18.438839 	 36.419846 	
1 	 857765.625000 	 17.524963 	 32.397278 	
2 	 735703.125000 	 16.821918 	 28.582577 	
3 	 630984.375000 	 16.268280 	 25.002991 	
4 	 541171.875000 	 15.843925 	 21.734150 	
5 	 464203.125000 	 15.513900 	 18.722506 	
6 	 398109.375000 	 15.262355 	 15.993027 	
7 	 341484.375000 	 15.075096 	 13.507079 	
8 	 292921.875000 	 14.937939 	 11.309155 	
9 	 251203.140625 	 14.838146 	 9.281764 	
10 	 215484.375000 	 14.769069 	 7.461025 	
11 	 184828.125000 	 14.723848 	 5.816567 	
12 	 158578.125000 	 14.689895 	 4.273536 	
13 	 135984.375000 	 14.682949 	 2.830985 	
14 	 116671.867187 	 14.682410 	 1.473075 	
15 	 100078.125000 	 14.699810 	 0.196404 	
16 	 85828.125000 	 14.727604 	 -1.089689 	
17 	 73640.625000 	 14.768386 	 -2.371614 	
18 	 63140.625000 	 14.819535 	 -3.661613 	
19 	 54140.625000 	 14.893513 	 -4.994497 	
20 	 46453.125000 	 14.978699 	 -6.394763 	
21 	 39890.625000 	 15.082780 	 -7.848261 	
22 	 34171.875000 	 15.218831 	 -9.416296 	
23 	 29296.875000 	 15.377422 	 -11.114480 	
24 	 25171.875000 	 15.561776 	 -12.933233 	
25 	 21609.375000 	 15.788665 	 -14.924689 	
26 	 18515.625000 	 16.067080 	 -17.124868 	
27 	 15890.625000 	 16.401848 	 -19.497614 	
28 	 13640.625000 	 16.808409 	 -22.065792 	
29 	 11671.875000 	 17.318880 	 -24.944973 	
30 	 10078.125000 	 17.900225 	 -27.866680 	
31 	 8578.125000 	 18.693621 	 -31.283606 	
32 	 7359.375488 	 19.629131 	 -34.732670 	
33 	 6328.125000 	 20.768820 	 -38.306648 	
34 	 5376.838379 	 22.283604 	 -42.241444 	
35 	 4641.543945 	 23.957159 	 -45.812115 	
36 	 3984.374756 	 26.062166 	 -49.489174 	
37 	 3421.875000 	 28.606285 	 -53.062943 	
38 	 2953.125000 	 31.541018 	 -56.357147 	
39 	 2527.573486 	 35.236320 	 -59.605141 	
40 	 2159.926514 	 39.664742 	 -62.640209 	
41 	 1847.956665 	 44.916939 	 -65.408791 	
42 	 1577.524048 	 51.163624 	 -67.953560 	
43 	 1359.375000 	 58.112423 	 -70.113770 	
44 	 1171.875000 	 66.077545 	 -72.002930 	
45 	 998.263855 	 76.171928 	 -73.778442 	
46 	 856.370239 	 87.443748 	 -75.358177 	
47 	 737.847229 	 100.211327 	 -76.681862 	
48 	 627.790161 	 116.085640 	 -77.903419 	
49 	 544.084778 	 132.602234 	 -78.894249 	
50 	 460.379456 	 154.917343 	 -79.838387 	
51 	 397.995270 	 177.503235 	 -80.585449 	
52 	 340.221771 	 205.675415 	 -81.288292 	
53 	 292.968750 	 236.767075 	 -81.870682 	
54 	 252.403839 	 272.531342 	 -82.381119 	
55 	 217.013885 	 312.379486 	 -82.744164 	
56 	 186.011902 	 362.509064 	 -83.152046 	
57 	 158.361496 	 422.815704 	 -83.520226 	
58 	 135.216339 	 491.640778 	 -83.824921 	
59 	 117.187500 	 563.474426 	 -84.053253 	
