IMPEDANCE MEASUREMENT 
4:14:21.434 PM 2026-10-06
Chamber temperature (K): 296.38
Chamber pressure (MPa): 2.85
Description: 	Default
Driving voltage (V): 0.01
Start freq (Hz): 1E+6
Stop freq (Hz): 1E+2
# freq steps: 60
Index #	Frequency (Hz)	Impedance (ohms)	Phase (degrees)
0 	 1000078.125000 	 19.234060 	 34.747833 	
1 	 857765.625000 	 18.353962 	 30.844427 	
2 	 735703.125000 	 17.675842 	 27.123194 	
3 	 630984.375000 	 17.147278 	 23.700722 	
4 	 541171.875000 	 16.739258 	 20.530119 	
5 	 464203.125000 	 16.428684 	 17.650335 	
6 	 398109.375000 	 16.192051 	 15.071069 	
7 	 341484.375000 	 16.007921 	 12.745122 	
8 	 292921.875000 	 15.882370 	 10.655897 	
9 	 251203.140625 	 15.784126 	 8.749184 	
10 	 215484.375000 	 15.712782 	 7.024926 	
11 	 184828.125000 	 15.665354 	 5.460508 	
12 	 158578.125000 	 15.644137 	 4.013788 	
13 	 135984.375000 	 15.632143 	 2.644192 	
14 	 116671.867187 	 15.638611 	 1.401976 	
15 	 100078.125000 	 15.656281 	 0.189508 	
16 	 85828.125000 	 15.683392 	 -0.996855 	
17 	 73640.625000 	 15.722383 	 -2.192755 	
18 	 63140.625000 	 15.778852 	 -3.415877 	
19 	 54140.625000 	 15.845987 	 -4.665788 	
20 	 46453.125000 	 15.928714 	 -5.982540 	
21 	 39890.625000 	 16.035929 	 -7.346502 	
22 	 34171.875000 	 16.162470 	 -8.833544 	
23 	 29296.875000 	 16.312874 	 -10.429426 	
24 	 25171.875000 	 16.494396 	 -12.142004 	
25 	 21609.375000 	 16.714972 	 -14.002875 	
26 	 18515.625000 	 16.985197 	 -16.075417 	
27 	 15890.625000 	 17.305838 	 -18.320089 	
28 	 13640.625000 	 17.695250 	 -20.778309 	
29 	 11671.875000 	 18.181742 	 -23.516417 	
30 	 10078.125000 	 18.742426 	 -26.301565 	
31 	 8578.125000 	 19.495680 	 -29.602365 	
32 	 7359.375488 	 20.388838 	 -32.973194 	
33 	 6328.125000 	 21.478748 	 -36.462418 	
34 	 5376.838379 	 22.924168 	 -40.358047 	
35 	 4641.543945 	 24.530058 	 -43.925400 	
36 	 3984.374756 	 26.563236 	 -47.629597 	
37 	 3421.875000 	 29.009922 	 -51.273609 	
38 	 2953.125000 	 31.857233 	 -54.666622 	
39 	 2527.573486 	 35.464443 	 -58.055721 	
40 	 2159.926514 	 39.817459 	 -61.259506 	
41 	 1847.956665 	 44.932831 	 -64.144646 	
42 	 1577.524048 	 51.100700 	 -66.823235 	
43 	 1359.375000 	 57.899250 	 -69.115585 	
44 	 1171.875000 	 65.788170 	 -71.120331 	
45 	 998.263855 	 75.773613 	 -73.105324 	
46 	 856.370239 	 86.956360 	 -74.751228 	
47 	 737.847229 	 99.489159 	 -76.171448 	
48 	 627.790161 	 115.374802 	 -77.472054 	
49 	 544.084778 	 131.675217 	 -78.555115 	
50 	 460.379456 	 153.798950 	 -79.556267 	
51 	 397.995270 	 176.253830 	 -80.361961 	
52 	 340.221771 	 204.216202 	 -81.124702 	
53 	 292.968750 	 235.116028 	 -81.748749 	
54 	 252.403839 	 270.676025 	 -82.294388 	
55 	 217.013885 	 310.449432 	 -82.700371 	
56 	 186.011902 	 360.329590 	 -83.136642 	
57 	 158.361496 	 420.375153 	 -83.521416 	
58 	 135.216339 	 488.797607 	 -83.858200 	
59 	 117.187500 	 560.468872 	 -84.106674 	
