IMPEDANCE MEASUREMENT 
5:12:51.419 PM 2026-10-06
Chamber temperature (K): 296.48
Chamber pressure (MPa): 175.22
Description: 	Default
Driving voltage (V): 0.01
Start freq (Hz): 1E+6
Stop freq (Hz): 1E+2
# freq steps: 60
Index #	Frequency (Hz)	Impedance (ohms)	Phase (degrees)
0 	 1000078.125000 	 18.320192 	 36.809307 	
1 	 857765.625000 	 17.400303 	 32.753376 	
2 	 735703.125000 	 16.678360 	 28.928471 	
3 	 630984.375000 	 16.123425 	 25.331005 	
4 	 541171.875000 	 15.688247 	 22.000414 	
5 	 464203.125000 	 15.359949 	 18.958725 	
6 	 398109.375000 	 15.105144 	 16.199627 	
7 	 341484.375000 	 14.916134 	 13.712809 	
8 	 292921.875000 	 14.775859 	 11.455604 	
9 	 251203.140625 	 14.681481 	 9.401795 	
10 	 215484.375000 	 14.599051 	 7.598233 	
11 	 184828.125000 	 14.556447 	 5.905131 	
12 	 158578.125000 	 14.526869 	 4.347885 	
13 	 135984.375000 	 14.515476 	 2.925704 	
14 	 116671.867187 	 14.521588 	 1.526899 	
15 	 100078.125000 	 14.533961 	 0.236415 	
16 	 85828.125000 	 14.564957 	 -1.055935 	
17 	 73640.625000 	 14.602505 	 -2.343695 	
18 	 63140.625000 	 14.660971 	 -3.637431 	
19 	 54140.625000 	 14.728232 	 -4.973472 	
20 	 46453.125000 	 14.814797 	 -6.360505 	
21 	 39890.625000 	 14.922196 	 -7.839252 	
22 	 34171.875000 	 15.055787 	 -9.417631 	
23 	 29296.875000 	 15.209297 	 -11.102450 	
24 	 25171.875000 	 15.396959 	 -12.912740 	
25 	 21609.375000 	 15.619537 	 -14.913712 	
26 	 18515.625000 	 15.893061 	 -17.094650 	
27 	 15890.625000 	 16.221966 	 -19.465040 	
28 	 13640.625000 	 16.625914 	 -22.053654 	
29 	 11671.875000 	 17.130913 	 -24.925089 	
30 	 10078.125000 	 17.703335 	 -27.825054 	
31 	 8578.125000 	 18.489563 	 -31.270494 	
32 	 7359.375488 	 19.412609 	 -34.735313 	
33 	 6328.125000 	 20.531757 	 -38.306599 	
34 	 5376.838379 	 22.030508 	 -42.253197 	
35 	 4641.543945 	 23.683558 	 -45.839325 	
36 	 3984.374756 	 25.760328 	 -49.548172 	
37 	 3421.875000 	 28.274693 	 -53.108311 	
38 	 2953.125000 	 31.165178 	 -56.410110 	
39 	 2527.573486 	 34.812374 	 -59.684143 	
40 	 2159.926514 	 39.222775 	 -62.774319 	
41 	 1847.956665 	 44.417057 	 -65.565857 	
42 	 1577.524048 	 50.644302 	 -68.059937 	
43 	 1359.375000 	 57.479572 	 -70.234146 	
44 	 1171.875000 	 65.418030 	 -72.123154 	
45 	 998.263855 	 75.485466 	 -73.949036 	
46 	 856.370239 	 86.624451 	 -75.531532 	
47 	 737.847229 	 99.241074 	 -76.827492 	
48 	 627.790161 	 115.182617 	 -78.063202 	
49 	 544.084778 	 131.296906 	 -79.008224 	
50 	 460.379456 	 153.689804 	 -80.036957 	
51 	 397.995270 	 176.197128 	 -80.790932 	
52 	 340.221771 	 204.244827 	 -81.497398 	
53 	 292.968750 	 235.197372 	 -82.084412 	
54 	 252.403839 	 270.810577 	 -82.586021 	
55 	 217.013885 	 310.718597 	 -82.961617 	
56 	 186.011902 	 360.600830 	 -83.368073 	
57 	 158.361496 	 420.828186 	 -83.730675 	
58 	 135.216339 	 489.437073 	 -84.039452 	
59 	 117.187500 	 561.002869 	 -84.284286 	
