IMPEDANCE MEASUREMENT 
10:48:00.596 AM 2026-10-05
Chamber temperature (K): 296.05
Chamber pressure (MPa): 2.58
Description: 	Default
Driving voltage (V): 0.01
Start freq (Hz): 1E+6
Stop freq (Hz): 1E+2
# freq steps: 60
Index #	Frequency (Hz)	Impedance (ohms)	Phase (degrees)
0 	 1000078.125000 	 17.394274 	 45.483704 	
1 	 857765.625000 	 16.170343 	 41.042286 	
2 	 735703.125000 	 15.204918 	 36.655285 	
3 	 630984.375000 	 14.438393 	 32.422424 	
4 	 541171.875000 	 13.848613 	 28.383905 	
5 	 464203.125000 	 13.386729 	 24.610180 	
6 	 398109.375000 	 13.034778 	 21.098246 	
7 	 341484.375000 	 12.776883 	 17.847795 	
8 	 292921.875000 	 12.582424 	 14.874828 	
9 	 251203.140625 	 12.442197 	 12.149621 	
10 	 215484.375000 	 12.338136 	 9.647223 	
11 	 184828.125000 	 12.283368 	 7.347804 	
12 	 158578.125000 	 12.247121 	 5.215383 	
13 	 135984.375000 	 12.232726 	 3.176508 	
14 	 116671.867187 	 12.245246 	 1.284732 	
15 	 100078.125000 	 12.279300 	 -0.567618 	
16 	 85828.125000 	 12.328768 	 -2.376644 	
17 	 73640.625000 	 12.399349 	 -4.176756 	
18 	 63140.625000 	 12.490463 	 -6.017344 	
19 	 54140.625000 	 12.604254 	 -7.890510 	
20 	 46453.125000 	 12.746274 	 -9.823764 	
21 	 39890.625000 	 12.914809 	 -11.832914 	
22 	 34171.875000 	 13.121249 	 -13.996145 	
23 	 29296.875000 	 13.368632 	 -16.269722 	
24 	 25171.875000 	 13.662219 	 -18.677410 	
25 	 21609.375000 	 14.015115 	 -21.270983 	
26 	 18515.625000 	 14.449225 	 -24.056419 	
27 	 15890.625000 	 14.968230 	 -27.025751 	
28 	 13640.625000 	 15.599437 	 -30.157185 	
29 	 11671.875000 	 16.380861 	 -33.501568 	
30 	 10078.125000 	 17.280529 	 -36.787781 	
31 	 8578.125000 	 18.477484 	 -40.477280 	
32 	 7359.375488 	 19.868250 	 -43.992298 	
33 	 6328.125000 	 21.524601 	 -47.440277 	
34 	 5376.838379 	 23.664591 	 -51.083801 	
35 	 4641.543945 	 25.975214 	 -54.232731 	
36 	 3984.374756 	 28.822685 	 -57.300510 	
37 	 3421.875000 	 33.420250 	 -59.909046 	
38 	 2953.125000 	 37.354099 	 -62.528133 	
39 	 2527.573486 	 42.206017 	 -65.014763 	
40 	 2159.926514 	 47.961723 	 -67.261841 	
41 	 1847.956665 	 54.594860 	 -69.292000 	
42 	 1577.524048 	 62.447819 	 -71.131500 	
43 	 1359.375000 	 70.984245 	 -72.675842 	
44 	 1171.875000 	 80.888123 	 -74.080421 	
45 	 998.263855 	 93.156227 	 -75.377129 	
46 	 856.370239 	 106.773224 	 -76.543480 	
47 	 737.847229 	 122.141617 	 -77.517731 	
48 	 627.790161 	 141.143509 	 -78.514221 	
49 	 544.084778 	 160.733902 	 -79.321449 	
50 	 460.379456 	 187.279541 	 -80.145287 	
51 	 397.995270 	 213.924591 	 -80.830528 	
52 	 340.221771 	 247.011841 	 -81.524727 	
53 	 292.968750 	 283.381348 	 -82.161377 	
54 	 252.403839 	 325.324493 	 -82.773445 	
55 	 217.013885 	 374.068726 	 -83.392014 	
56 	 186.011902 	 431.372406 	 -84.052216 	
57 	 158.361496 	 500.675842 	 -84.726509 	
58 	 135.216339 	 579.671265 	 -85.438057 	
59 	 117.187500 	 662.877258 	 -86.125732 	
