IMPEDANCE MEASUREMENT 
11:23:27.405 AM 2026-10-05
Chamber temperature (K): 296.08
Chamber pressure (MPa): 1.89
Description: 	Default
Driving voltage (V): 0.01
Start freq (Hz): 1E+6
Stop freq (Hz): 1E+2
# freq steps: 60
Index #	Frequency (Hz)	Impedance (ohms)	Phase (degrees)
0 	 1000078.125000 	 17.974457 	 43.732361 	
1 	 857765.625000 	 16.805059 	 39.256493 	
2 	 735703.125000 	 15.881697 	 34.890293 	
3 	 630984.375000 	 15.161626 	 30.703020 	
4 	 541171.875000 	 14.600243 	 26.792700 	
5 	 464203.125000 	 14.170067 	 23.141846 	
6 	 398109.375000 	 13.839868 	 19.754913 	
7 	 341484.375000 	 13.597661 	 16.671366 	
8 	 292921.875000 	 13.416352 	 13.870228 	
9 	 251203.140625 	 13.285917 	 11.263676 	
10 	 215484.375000 	 13.197182 	 8.916035 	
11 	 184828.125000 	 13.135930 	 6.720421 	
12 	 158578.125000 	 13.108383 	 4.701532 	
13 	 135984.375000 	 13.106321 	 2.773916 	
14 	 116671.867187 	 13.119461 	 0.976164 	
15 	 100078.125000 	 13.153271 	 -0.795687 	
16 	 85828.125000 	 13.206488 	 -2.535464 	
17 	 73640.625000 	 13.281738 	 -4.259468 	
18 	 63140.625000 	 13.374576 	 -6.028268 	
19 	 54140.625000 	 13.495205 	 -7.844636 	
20 	 46453.125000 	 13.639112 	 -9.713863 	
21 	 39890.625000 	 13.816431 	 -11.662698 	
22 	 34171.875000 	 14.032116 	 -13.776962 	
23 	 29296.875000 	 14.290920 	 -15.998569 	
24 	 25171.875000 	 14.592075 	 -18.348986 	
25 	 21609.375000 	 14.960234 	 -20.856567 	
26 	 18515.625000 	 15.407640 	 -23.624746 	
27 	 15890.625000 	 15.943109 	 -26.512444 	
28 	 13640.625000 	 16.593988 	 -29.594482 	
29 	 11671.875000 	 17.402693 	 -32.906960 	
30 	 10078.125000 	 18.327465 	 -36.167221 	
31 	 8578.125000 	 19.566999 	 -39.829540 	
32 	 7359.375488 	 20.997192 	 -43.367168 	
33 	 6328.125000 	 22.700912 	 -46.830276 	
34 	 5376.838379 	 24.932091 	 -50.477871 	
35 	 4641.543945 	 27.333040 	 -53.659588 	
36 	 3984.374756 	 31.433432 	 -56.551392 	
37 	 3421.875000 	 35.027630 	 -59.492729 	
38 	 2953.125000 	 39.114670 	 -62.098206 	
39 	 2527.573486 	 44.168755 	 -64.612701 	
40 	 2159.926514 	 50.117908 	 -66.957420 	
41 	 1847.956665 	 57.046196 	 -68.997765 	
42 	 1577.524048 	 65.208817 	 -70.895599 	
43 	 1359.375000 	 74.129036 	 -72.456818 	
44 	 1171.875000 	 84.393471 	 -73.865845 	
45 	 998.263855 	 97.290398 	 -75.198624 	
46 	 856.370239 	 111.435089 	 -76.356750 	
47 	 737.847229 	 127.326019 	 -77.383331 	
48 	 627.790161 	 147.451309 	 -78.315559 	
49 	 544.084778 	 167.899170 	 -79.111473 	
50 	 460.379456 	 195.295380 	 -79.978622 	
51 	 397.995270 	 223.036652 	 -80.665359 	
52 	 340.221771 	 257.483337 	 -81.363411 	
53 	 292.968750 	 295.398132 	 -81.996773 	
54 	 252.403839 	 339.029053 	 -82.618149 	
55 	 217.013885 	 389.759949 	 -83.230286 	
56 	 186.011902 	 449.259674 	 -83.832970 	
57 	 158.361496 	 521.436401 	 -84.514153 	
58 	 135.216339 	 603.902283 	 -85.207291 	
59 	 117.187500 	 689.831726 	 -85.930229 	
