IMPEDANCE MEASUREMENT 
3:29:07.570 PM 2026-10-05
Chamber temperature (K): 296.42
Chamber pressure (MPa): 2.2
Description: 	Default
Driving voltage (V): 0.01
Start freq (Hz): 1E+6
Stop freq (Hz): 1E+2
# freq steps: 60
Index #	Frequency (Hz)	Impedance (ohms)	Phase (degrees)
0 	 1000078.125000 	 191.556931 	 77.959328 	
1 	 857765.625000 	 16.766718 	 39.722980 	
2 	 735703.125000 	 15.819703 	 35.341728 	
3 	 630984.375000 	 15.085843 	 31.100330 	
4 	 541171.875000 	 14.524246 	 27.134785 	
5 	 464203.125000 	 14.082899 	 23.428923 	
6 	 398109.375000 	 13.750406 	 19.993357 	
7 	 341484.375000 	 13.502432 	 16.867199 	
8 	 292921.875000 	 13.317245 	 13.989594 	
9 	 251203.140625 	 13.185539 	 11.355874 	
10 	 215484.375000 	 13.097545 	 8.960061 	
11 	 184828.125000 	 13.042037 	 6.721491 	
12 	 158578.125000 	 13.016055 	 4.643143 	
13 	 135984.375000 	 13.010421 	 2.692442 	
14 	 116671.867187 	 13.027206 	 0.839613 	
15 	 100078.125000 	 13.064434 	 -0.972653 	
16 	 85828.125000 	 13.121598 	 -2.755208 	
17 	 73640.625000 	 13.198973 	 -4.534492 	
18 	 63140.625000 	 13.300970 	 -6.343498 	
19 	 54140.625000 	 13.424571 	 -8.204971 	
20 	 46453.125000 	 13.575844 	 -10.132247 	
21 	 39890.625000 	 13.761917 	 -12.141527 	
22 	 34171.875000 	 13.985730 	 -14.296426 	
23 	 29296.875000 	 14.257291 	 -16.574146 	
24 	 25171.875000 	 14.574903 	 -18.987587 	
25 	 21609.375000 	 14.961733 	 -21.573172 	
26 	 18515.625000 	 15.428332 	 -24.392181 	
27 	 15890.625000 	 15.990679 	 -27.344675 	
28 	 13640.625000 	 16.675533 	 -30.479914 	
29 	 11671.875000 	 17.524275 	 -33.857998 	
30 	 10078.125000 	 18.498085 	 -37.141880 	
31 	 8578.125000 	 19.795290 	 -40.828915 	
32 	 7359.375488 	 21.303082 	 -44.353195 	
33 	 6328.125000 	 23.095104 	 -47.808960 	
34 	 5376.838379 	 25.415312 	 -51.424026 	
35 	 4641.543945 	 27.909678 	 -54.552704 	
36 	 3984.374756 	 32.201607 	 -57.425091 	
37 	 3421.875000 	 35.966209 	 -60.287586 	
38 	 2953.125000 	 40.186047 	 -62.806694 	
39 	 2527.573486 	 45.447887 	 -65.271332 	
40 	 2159.926514 	 51.629520 	 -67.494087 	
41 	 1847.956665 	 58.840481 	 -69.487892 	
42 	 1577.524048 	 67.295219 	 -71.274918 	
43 	 1359.375000 	 76.518860 	 -72.798508 	
44 	 1171.875000 	 87.196243 	 -74.134743 	
45 	 998.263855 	 100.510567 	 -75.450996 	
46 	 856.370239 	 115.107521 	 -76.589096 	
47 	 737.847229 	 131.570251 	 -77.547127 	
48 	 627.790161 	 152.238724 	 -78.465767 	
49 	 544.084778 	 172.982574 	 -79.257866 	
50 	 460.379456 	 201.658371 	 -80.059227 	
51 	 397.995270 	 230.287552 	 -80.729233 	
52 	 340.221771 	 265.785370 	 -81.413048 	
53 	 292.968750 	 304.847137 	 -82.031250 	
54 	 252.403839 	 349.823517 	 -82.653206 	
55 	 217.013885 	 402.116455 	 -83.265732 	
56 	 186.011902 	 463.506165 	 -83.878151 	
57 	 158.361496 	 537.675659 	 -84.585136 	
58 	 135.216339 	 622.859985 	 -85.263832 	
59 	 117.187500 	 711.628967 	 -85.952904 	
