IMPEDANCE MEASUREMENT 
1:37:59.117 PM 2026-10-05
Chamber temperature (K): 296.26
Chamber pressure (MPa): 1.43
Description: 	Default
Driving voltage (V): 0.01
Start freq (Hz): 1E+6
Stop freq (Hz): 1E+2
# freq steps: 60
Index #	Frequency (Hz)	Impedance (ohms)	Phase (degrees)
0 	 1000078.125000 	 28.934406 	 51.002953 	
1 	 857765.625000 	 26.167433 	 47.163456 	
2 	 735703.125000 	 18.276020 	 29.475325 	
3 	 630984.375000 	 18.023535 	 27.671576 	
4 	 541171.875000 	 17.460779 	 24.013439 	
5 	 464203.125000 	 17.041534 	 20.674326 	
6 	 398109.375000 	 16.716902 	 17.585363 	
7 	 341484.375000 	 16.477848 	 14.803201 	
8 	 292921.875000 	 16.303837 	 12.298340 	
9 	 251203.140625 	 16.175753 	 10.018698 	
10 	 215484.375000 	 16.096724 	 7.931869 	
11 	 184828.125000 	 16.043953 	 6.007129 	
12 	 158578.125000 	 16.014008 	 4.247208 	
13 	 135984.375000 	 16.008106 	 2.566319 	
14 	 116671.867187 	 16.021429 	 0.983369 	
15 	 100078.125000 	 16.062094 	 -0.524427 	
16 	 85828.125000 	 16.115353 	 -2.040098 	
17 	 73640.625000 	 16.184086 	 -3.540659 	
18 	 63140.625000 	 16.276217 	 -5.091624 	
19 	 54140.625000 	 16.392488 	 -6.666877 	
20 	 46453.125000 	 16.536097 	 -8.302805 	
21 	 39890.625000 	 16.707531 	 -10.033561 	
22 	 34171.875000 	 16.920614 	 -11.887838 	
23 	 29296.875000 	 17.170647 	 -13.842814 	
24 	 25171.875000 	 17.471603 	 -15.938444 	
25 	 21609.375000 	 17.827202 	 -18.195045 	
26 	 18515.625000 	 18.263802 	 -20.669334 	
27 	 15890.625000 	 18.780405 	 -23.310493 	
28 	 13640.625000 	 19.411079 	 -26.138342 	
29 	 11671.875000 	 20.189529 	 -29.215750 	
30 	 10078.125000 	 21.078257 	 -32.313160 	
31 	 8578.125000 	 22.273411 	 -35.869999 	
32 	 7359.375488 	 23.671524 	 -39.349487 	
33 	 6328.125000 	 25.330706 	 -42.843090 	
34 	 5376.838379 	 27.525793 	 -46.608650 	
35 	 4641.543945 	 30.876242 	 -49.605804 	
36 	 3984.374756 	 33.883709 	 -52.991959 	
37 	 3421.875000 	 37.505215 	 -56.153530 	
38 	 2953.125000 	 41.640007 	 -59.057262 	
39 	 2527.573486 	 46.754799 	 -61.898434 	
40 	 2159.926514 	 52.843311 	 -64.482964 	
41 	 1847.956665 	 59.947277 	 -66.858574 	
42 	 1577.524048 	 68.344620 	 -68.966965 	
43 	 1359.375000 	 77.544937 	 -70.773201 	
44 	 1171.875000 	 88.138527 	 -72.440887 	
45 	 998.263855 	 101.440613 	 -73.944176 	
46 	 856.370239 	 116.072716 	 -75.242981 	
47 	 737.847229 	 149.255753 	 -75.782829 	
48 	 627.790161 	 118335.007812 	 94.306007 	
49 	 544.084778 	 161106.890625 	 113.639809 	
50 	 460.379456 	 3569672.000000 	 33.774746 	
51 	 397.995270 	 7717130.500000 	 -27.076420 	
52 	 340.221771 	 12174529.000000 	 76.346222 	
53 	 292.968750 	 1091763.750000 	 -38.678097 	
54 	 252.403839 	 3077950.250000 	 -77.396729 	
55 	 217.013885 	 4525720.000000 	 0.311122 	
56 	 186.011902 	 75979.929687 	 -66.540924 	
57 	 158.361496 	 2895687.250000 	 -139.038391 	
58 	 135.216339 	 51810.445312 	 -174.462540 	
59 	 117.187500 	 3602201.500000 	 12.154069 	
