IMPEDANCE MEASUREMENT 
3:32:14.411 PM 2026-10-05
Chamber temperature (K): 296.42
Chamber pressure (MPa): 0.27
Description: 	Default
Driving voltage (V): 0.01
Start freq (Hz): 1E+6
Stop freq (Hz): 1E+2
# freq steps: 60
Index #	Frequency (Hz)	Impedance (ohms)	Phase (degrees)
0 	 1000078.125000 	 17.934271 	 44.226254 	
1 	 857765.625000 	 16.772148 	 39.690434 	
2 	 735703.125000 	 15.832115 	 35.330040 	
3 	 630984.375000 	 15.092566 	 31.077452 	
4 	 541171.875000 	 14.525644 	 27.119883 	
5 	 464203.125000 	 14.091722 	 23.417049 	
6 	 398109.375000 	 13.753523 	 19.992861 	
7 	 341484.375000 	 13.510545 	 16.857985 	
8 	 292921.875000 	 13.324721 	 13.983585 	
9 	 251203.140625 	 13.193591 	 11.357267 	
10 	 215484.375000 	 13.101108 	 8.935885 	
11 	 184828.125000 	 13.049453 	 6.705356 	
12 	 158578.125000 	 13.021922 	 4.632373 	
13 	 135984.375000 	 13.016257 	 2.693162 	
14 	 116671.867187 	 13.032529 	 0.825877 	
15 	 100078.125000 	 13.072104 	 -0.970273 	
16 	 85828.125000 	 13.129069 	 -2.748723 	
17 	 73640.625000 	 13.205429 	 -4.520073 	
18 	 63140.625000 	 13.306949 	 -6.337967 	
19 	 54140.625000 	 13.430456 	 -8.189268 	
20 	 46453.125000 	 13.583753 	 -10.111564 	
21 	 39890.625000 	 13.768931 	 -12.122408 	
22 	 34171.875000 	 13.992392 	 -14.279574 	
23 	 29296.875000 	 14.263921 	 -16.558739 	
24 	 25171.875000 	 14.579698 	 -18.960634 	
25 	 21609.375000 	 14.963800 	 -21.541977 	
26 	 18515.625000 	 15.433788 	 -24.357086 	
27 	 15890.625000 	 15.996058 	 -27.322920 	
28 	 13640.625000 	 16.681204 	 -30.457111 	
29 	 11671.875000 	 17.529560 	 -33.821045 	
30 	 10078.125000 	 18.499615 	 -37.110130 	
31 	 8578.125000 	 19.794287 	 -40.796810 	
32 	 7359.375488 	 21.299328 	 -44.326637 	
33 	 6328.125000 	 23.084467 	 -47.782703 	
34 	 5376.838379 	 25.405048 	 -51.383755 	
35 	 4641.543945 	 27.907333 	 -54.510372 	
36 	 3984.374756 	 32.196495 	 -57.389736 	
37 	 3421.875000 	 35.936417 	 -60.239033 	
38 	 2953.125000 	 40.185688 	 -62.775036 	
39 	 2527.573486 	 45.423447 	 -65.228325 	
40 	 2159.926514 	 51.612675 	 -67.480606 	
41 	 1847.956665 	 58.772038 	 -69.470016 	
42 	 1577.524048 	 67.265678 	 -71.284035 	
43 	 1359.375000 	 76.493172 	 -72.764412 	
44 	 1171.875000 	 87.070480 	 -74.129700 	
45 	 998.263855 	 100.401237 	 -75.462219 	
46 	 856.370239 	 115.071381 	 -76.550781 	
47 	 737.847229 	 131.484680 	 -77.509529 	
48 	 627.790161 	 152.119202 	 -78.495659 	
49 	 544.084778 	 173.177505 	 -79.189644 	
50 	 460.379456 	 201.492203 	 -80.055916 	
51 	 397.995270 	 230.111069 	 -80.725838 	
52 	 340.221771 	 265.574829 	 -81.409531 	
53 	 292.968750 	 304.632233 	 -82.036369 	
54 	 252.403839 	 349.496704 	 -82.643379 	
55 	 217.013885 	 401.661987 	 -83.264648 	
56 	 186.011902 	 462.923218 	 -83.899033 	
57 	 158.361496 	 537.313904 	 -84.576836 	
58 	 135.216339 	 622.061096 	 -85.285133 	
59 	 117.187500 	 711.007202 	 -86.014900 	
