IMPEDANCE MEASUREMENT 
3:31:19.745 PM 2026-10-05
Chamber temperature (K): 296.42
Chamber pressure (MPa): 1.22
Description: 	Default
Driving voltage (V): 0.01
Start freq (Hz): 1E+6
Stop freq (Hz): 1E+2
# freq steps: 60
Index #	Frequency (Hz)	Impedance (ohms)	Phase (degrees)
0 	 1000078.125000 	 17.954063 	 44.270336 	
1 	 857765.625000 	 16.768124 	 39.703316 	
2 	 735703.125000 	 15.829527 	 35.325768 	
3 	 630984.375000 	 15.091250 	 31.096703 	
4 	 541171.875000 	 14.524795 	 27.136148 	
5 	 464203.125000 	 14.091428 	 23.420280 	
6 	 398109.375000 	 13.751863 	 19.997271 	
7 	 341484.375000 	 13.505400 	 16.855192 	
8 	 292921.875000 	 13.325861 	 13.987603 	
9 	 251203.140625 	 13.196337 	 11.352576 	
10 	 215484.375000 	 13.104324 	 8.939479 	
11 	 184828.125000 	 13.051451 	 6.707427 	
12 	 158578.125000 	 13.019137 	 4.650920 	
13 	 135984.375000 	 13.012379 	 2.699471 	
14 	 116671.867187 	 13.031487 	 0.829012 	
15 	 100078.125000 	 13.070610 	 -0.977399 	
16 	 85828.125000 	 13.128716 	 -2.759881 	
17 	 73640.625000 	 13.205891 	 -4.530952 	
18 	 63140.625000 	 13.306627 	 -6.342091 	
19 	 54140.625000 	 13.428036 	 -8.193466 	
20 	 46453.125000 	 13.583060 	 -10.120504 	
21 	 39890.625000 	 13.768870 	 -12.132588 	
22 	 34171.875000 	 13.996191 	 -14.292134 	
23 	 29296.875000 	 14.264573 	 -16.565964 	
24 	 25171.875000 	 14.578171 	 -18.965748 	
25 	 21609.375000 	 14.962973 	 -21.557016 	
26 	 18515.625000 	 15.432497 	 -24.367512 	
27 	 15890.625000 	 15.992442 	 -27.333302 	
28 	 13640.625000 	 16.681210 	 -30.458191 	
29 	 11671.875000 	 17.529732 	 -33.831532 	
30 	 10078.125000 	 18.498184 	 -37.114597 	
31 	 8578.125000 	 19.797144 	 -40.808109 	
32 	 7359.375488 	 21.306171 	 -44.360123 	
33 	 6328.125000 	 23.099436 	 -47.780769 	
34 	 5376.838379 	 25.403368 	 -51.393311 	
35 	 4641.543945 	 27.914358 	 -54.522434 	
36 	 3984.374756 	 32.187740 	 -57.408424 	
37 	 3421.875000 	 35.938606 	 -60.239811 	
38 	 2953.125000 	 40.201717 	 -62.792683 	
39 	 2527.573486 	 45.440727 	 -65.220177 	
40 	 2159.926514 	 51.638412 	 -67.450897 	
41 	 1847.956665 	 58.795853 	 -69.468819 	
42 	 1577.524048 	 67.297363 	 -71.259438 	
43 	 1359.375000 	 76.491585 	 -72.770508 	
44 	 1171.875000 	 87.109947 	 -74.122513 	
45 	 998.263855 	 100.400864 	 -75.423454 	
46 	 856.370239 	 115.063843 	 -76.532890 	
47 	 737.847229 	 131.454788 	 -77.515793 	
48 	 627.790161 	 152.007385 	 -78.520966 	
49 	 544.084778 	 173.174133 	 -79.235504 	
50 	 460.379456 	 201.535599 	 -80.056725 	
51 	 397.995270 	 230.142426 	 -80.725281 	
52 	 340.221771 	 265.609680 	 -81.409691 	
53 	 292.968750 	 304.699005 	 -82.042831 	
54 	 252.403839 	 349.584473 	 -82.645721 	
55 	 217.013885 	 401.817688 	 -83.251442 	
56 	 186.011902 	 463.029724 	 -83.907043 	
57 	 158.361496 	 537.510559 	 -84.583717 	
58 	 135.216339 	 622.660950 	 -85.293182 	
59 	 117.187500 	 710.544312 	 -85.984665 	
