IMPEDANCE MEASUREMENT 
11:19:32.370 AM 2026-10-05
Chamber temperature (K): 296.08
Chamber pressure (MPa): 1.91
Description: 	Default
Driving voltage (V): 0.01
Start freq (Hz): 1E+6
Stop freq (Hz): 1E+2
# freq steps: 60
Index #	Frequency (Hz)	Impedance (ohms)	Phase (degrees)
0 	 1000078.125000 	 29.673386 	 39.829124 	
1 	 857765.625000 	 27.966780 	 35.846817 	
2 	 735703.125000 	 26.628664 	 31.944954 	
3 	 630984.375000 	 21.736340 	 21.703207 	
4 	 541171.875000 	 22.093462 	 18.089836 	
5 	 464203.125000 	 21.845327 	 15.437200 	
6 	 398109.375000 	 21.121340 	 13.362276 	
7 	 341484.375000 	 20.651632 	 11.367502 	
8 	 292921.875000 	 20.128025 	 9.584918 	
9 	 251203.140625 	 19.576269 	 7.982993 	
10 	 215484.375000 	 19.119762 	 6.435839 	
11 	 184828.125000 	 18.839340 	 4.939909 	
12 	 158578.125000 	 18.810228 	 3.492695 	
13 	 135984.375000 	 18.893269 	 2.116429 	
14 	 116671.867187 	 19.009607 	 0.831422 	
15 	 100078.125000 	 19.187777 	 -0.390299 	
16 	 85828.125000 	 19.372145 	 -1.596604 	
17 	 73640.625000 	 19.378593 	 -2.804747 	
18 	 63140.625000 	 19.403704 	 -4.070940 	
19 	 54140.625000 	 19.442410 	 -5.349332 	
20 	 46453.125000 	 19.515734 	 -6.714193 	
21 	 39890.625000 	 19.624870 	 -8.146645 	
22 	 34171.875000 	 19.779280 	 -9.696726 	
23 	 29296.875000 	 19.982382 	 -11.343925 	
24 	 25171.875000 	 20.189034 	 -13.131084 	
25 	 21609.375000 	 20.452787 	 -15.110346 	
26 	 18515.625000 	 20.769728 	 -17.295315 	
27 	 15890.625000 	 21.152704 	 -19.688227 	
28 	 13640.625000 	 21.647366 	 -22.288475 	
29 	 11671.875000 	 22.296936 	 -25.124569 	
30 	 10078.125000 	 23.090057 	 -27.975060 	
31 	 8578.125000 	 24.135582 	 -31.350216 	
32 	 7359.375488 	 25.343134 	 -34.762440 	
33 	 6328.125000 	 26.813276 	 -38.235149 	
34 	 5376.838379 	 30.201841 	 -41.100708 	
35 	 4641.543945 	 32.397274 	 -44.587910 	
36 	 3984.374756 	 35.173988 	 -48.149319 	
37 	 3421.875000 	 38.466656 	 -51.560127 	
38 	 2953.125000 	 42.308025 	 -54.741005 	
39 	 2527.573486 	 47.075146 	 -57.889317 	
40 	 2159.926514 	 52.785801 	 -60.833023 	
41 	 1847.956665 	 59.473076 	 -63.514561 	
42 	 1577.524048 	 67.472946 	 -66.015213 	
43 	 1359.375000 	 76.195595 	 -68.108627 	
44 	 1171.875000 	 86.314781 	 -69.998260 	
45 	 998.263855 	 98.991440 	 -71.820290 	
46 	 856.370239 	 113.117256 	 -73.396210 	
47 	 737.847229 	 128.962280 	 -74.740791 	
48 	 627.790161 	 148.687622 	 -76.118294 	
49 	 544.084778 	 169.107590 	 -77.192474 	
50 	 460.379456 	 196.538956 	 -78.244713 	
51 	 397.995270 	 224.251007 	 -79.135841 	
52 	 340.221771 	 258.617950 	 -80.028465 	
53 	 292.968750 	 296.459076 	 -80.820885 	
54 	 252.403839 	 339.871216 	 -81.570427 	
55 	 217.013885 	 390.504089 	 -82.313614 	
56 	 186.011902 	 450.000366 	 -83.037453 	
57 	 158.361496 	 522.053467 	 -83.818756 	
58 	 135.216339 	 604.322327 	 -84.596069 	
59 	 117.187500 	 690.205017 	 -85.327400 	
