IMPEDANCE MEASUREMENT 
10:46:10.165 AM 2026-10-05
Chamber temperature (K): 296.06
Chamber pressure (MPa): 2.07
Description: 	Default
Driving voltage (V): 0.01
Start freq (Hz): 1E+6
Stop freq (Hz): 1E+2
# freq steps: 60
Index #	Frequency (Hz)	Impedance (ohms)	Phase (degrees)
0 	 1000078.125000 	 17.384411 	 45.276741 	
1 	 857765.625000 	 16.174496 	 40.815300 	
2 	 735703.125000 	 15.200405 	 36.470161 	
3 	 630984.375000 	 14.449253 	 32.250164 	
4 	 541171.875000 	 13.857261 	 28.242020 	
5 	 464203.125000 	 13.395080 	 24.496349 	
6 	 398109.375000 	 13.037172 	 20.986629 	
7 	 341484.375000 	 12.771714 	 17.756283 	
8 	 292921.875000 	 12.579656 	 14.776124 	
9 	 251203.140625 	 12.436544 	 12.081453 	
10 	 215484.375000 	 12.342716 	 9.600753 	
11 	 184828.125000 	 12.282050 	 7.302266 	
12 	 158578.125000 	 12.245536 	 5.152975 	
13 	 135984.375000 	 12.237230 	 3.168652 	
14 	 116671.867187 	 12.247301 	 1.252332 	
15 	 100078.125000 	 12.281714 	 -0.567770 	
16 	 85828.125000 	 12.331479 	 -2.384235 	
17 	 73640.625000 	 12.400206 	 -4.186027 	
18 	 63140.625000 	 12.492320 	 -6.014251 	
19 	 54140.625000 	 12.605755 	 -7.891638 	
20 	 46453.125000 	 12.744922 	 -9.817795 	
21 	 39890.625000 	 12.914220 	 -11.821261 	
22 	 34171.875000 	 13.123695 	 -13.971539 	
23 	 29296.875000 	 13.370122 	 -16.255407 	
24 	 25171.875000 	 13.663290 	 -18.655815 	
25 	 21609.375000 	 14.016954 	 -21.225157 	
26 	 18515.625000 	 14.450064 	 -24.029282 	
27 	 15890.625000 	 14.968373 	 -26.982477 	
28 	 13640.625000 	 15.595445 	 -30.101061 	
29 	 11671.875000 	 16.376785 	 -33.452366 	
30 	 10078.125000 	 17.277737 	 -36.722847 	
31 	 8578.125000 	 18.468533 	 -40.415981 	
32 	 7359.375488 	 19.857433 	 -43.964058 	
33 	 6328.125000 	 21.495821 	 -47.413799 	
34 	 5376.838379 	 23.631289 	 -51.029137 	
35 	 4641.543945 	 25.932043 	 -54.168110 	
36 	 3984.374756 	 28.767586 	 -57.244419 	
37 	 3421.875000 	 33.249699 	 -59.920227 	
38 	 2953.125000 	 37.077366 	 -62.510441 	
39 	 2527.573486 	 41.808872 	 -64.994926 	
40 	 2159.926514 	 47.336124 	 -67.252258 	
41 	 1847.956665 	 53.658306 	 -69.220131 	
42 	 1577.524048 	 61.185703 	 -71.053986 	
43 	 1359.375000 	 68.798882 	 -72.463394 	
44 	 1171.875000 	 78.315987 	 -73.782127 	
45 	 998.263855 	 90.163063 	 -75.057907 	
46 	 856.370239 	 103.653015 	 -76.153648 	
47 	 737.847229 	 118.764191 	 -77.119118 	
48 	 627.790161 	 137.562714 	 -78.109535 	
49 	 544.084778 	 158.751862 	 -79.128914 	
50 	 460.379456 	 185.454269 	 -79.988548 	
51 	 397.995270 	 212.265945 	 -80.692749 	
52 	 340.221771 	 245.366669 	 -81.396133 	
53 	 292.968750 	 281.688995 	 -82.031776 	
54 	 252.403839 	 323.915802 	 -82.696609 	
55 	 217.013885 	 372.490631 	 -83.316086 	
56 	 186.011902 	 429.611755 	 -83.928093 	
57 	 158.361496 	 499.003296 	 -84.631508 	
58 	 135.216339 	 577.697327 	 -85.320930 	
59 	 117.187500 	 660.251343 	 -85.980835 	
