IMPEDANCE MEASUREMENT 
3:04:00.739 PM 2026-10-05
Chamber temperature (K): 296.39
Chamber pressure (MPa): 0.83
Description: 	Default
Driving voltage (V): 0.01
Start freq (Hz): 1E+6
Stop freq (Hz): 1E+2
# freq steps: 60
Index #	Frequency (Hz)	Impedance (ohms)	Phase (degrees)
0 	 1000078.125000 	 17.177753 	 46.900135 	
1 	 857765.625000 	 15.947481 	 42.342388 	
2 	 735703.125000 	 14.953782 	 37.859531 	
3 	 630984.375000 	 14.174902 	 33.467224 	
4 	 541171.875000 	 13.564631 	 29.315260 	
5 	 464203.125000 	 13.093844 	 25.409693 	
6 	 398109.375000 	 12.738335 	 21.759836 	
7 	 341484.375000 	 12.470328 	 18.386948 	
8 	 292921.875000 	 12.271348 	 15.295347 	
9 	 251203.140625 	 12.126014 	 12.465382 	
10 	 215484.375000 	 12.028572 	 9.855616 	
11 	 184828.125000 	 11.965485 	 7.448814 	
12 	 158578.125000 	 11.934517 	 5.183644 	
13 	 135984.375000 	 11.923306 	 3.076834 	
14 	 116671.867187 	 11.941394 	 1.081279 	
15 	 100078.125000 	 11.979042 	 -0.869182 	
16 	 85828.125000 	 12.031808 	 -2.782629 	
17 	 73640.625000 	 12.110756 	 -4.691020 	
18 	 63140.625000 	 12.210164 	 -6.620799 	
19 	 54140.625000 	 12.335700 	 -8.601816 	
20 	 46453.125000 	 12.489012 	 -10.647240 	
21 	 39890.625000 	 12.673209 	 -12.759589 	
22 	 34171.875000 	 12.896232 	 -15.034958 	
23 	 29296.875000 	 13.165578 	 -17.442329 	
24 	 25171.875000 	 13.485288 	 -19.944304 	
25 	 21609.375000 	 13.873484 	 -22.655842 	
26 	 18515.625000 	 14.341059 	 -25.578566 	
27 	 15890.625000 	 14.903556 	 -28.623064 	
28 	 13640.625000 	 15.588376 	 -31.839785 	
29 	 11671.875000 	 16.444723 	 -35.272991 	
30 	 10078.125000 	 17.421732 	 -38.593594 	
31 	 8578.125000 	 18.713589 	 -42.302013 	
32 	 7359.375488 	 20.215363 	 -45.828110 	
33 	 6328.125000 	 21.997002 	 -49.222221 	
34 	 5376.838379 	 24.287619 	 -52.768749 	
35 	 4641.543945 	 26.763166 	 -55.822746 	
36 	 3984.374756 	 31.055174 	 -58.536911 	
37 	 3421.875000 	 34.762295 	 -61.293877 	
38 	 2953.125000 	 38.928688 	 -63.724751 	
39 	 2527.573486 	 44.054108 	 -66.081535 	
40 	 2159.926514 	 50.123554 	 -68.215439 	
41 	 1847.956665 	 57.145237 	 -70.100616 	
42 	 1577.524048 	 65.416809 	 -71.819016 	
43 	 1359.375000 	 74.410866 	 -73.239479 	
44 	 1171.875000 	 84.828285 	 -74.581970 	
45 	 998.263855 	 97.669228 	 -75.828529 	
46 	 856.370239 	 111.994675 	 -76.887581 	
47 	 737.847229 	 128.001114 	 -77.775902 	
48 	 627.790161 	 148.082199 	 -78.764511 	
49 	 544.084778 	 168.593781 	 -79.509613 	
50 	 460.379456 	 196.211288 	 -80.268105 	
51 	 397.995270 	 224.074463 	 -80.935875 	
52 	 340.221771 	 258.636536 	 -81.612450 	
53 	 292.968750 	 296.642700 	 -82.242714 	
54 	 252.403839 	 340.368195 	 -82.841270 	
55 	 217.013885 	 391.222748 	 -83.460327 	
56 	 186.011902 	 450.861908 	 -84.109512 	
57 	 158.361496 	 523.570251 	 -84.848366 	
58 	 135.216339 	 606.512451 	 -85.576706 	
59 	 117.187500 	 693.008728 	 -86.276001 	
