IMPEDANCE MEASUREMENT 
2:33:20.422 PM 2026-10-05
Chamber temperature (K): 296.34
Chamber pressure (MPa): 1.89
Description: 	Default
Driving voltage (V): 0.01
Start freq (Hz): 1E+6
Stop freq (Hz): 1E+2
# freq steps: 60
Index #	Frequency (Hz)	Impedance (ohms)	Phase (degrees)
0 	 1000078.125000 	 26.913425 	 57.034756 	
1 	 857765.625000 	 17.326365 	 41.663342 	
2 	 735703.125000 	 16.256475 	 37.210968 	
3 	 630984.375000 	 15.421127 	 32.881577 	
4 	 541171.875000 	 14.771915 	 28.759396 	
5 	 464203.125000 	 14.277758 	 24.894669 	
6 	 398109.375000 	 13.903244 	 21.325769 	
7 	 341484.375000 	 13.620472 	 18.046984 	
8 	 292921.875000 	 13.410178 	 15.057866 	
9 	 251203.140625 	 13.259804 	 12.274137 	
10 	 215484.375000 	 13.159580 	 9.772497 	
11 	 184828.125000 	 13.091400 	 7.463115 	
12 	 158578.125000 	 13.052961 	 5.319154 	
13 	 135984.375000 	 13.044975 	 3.281350 	
14 	 116671.867187 	 13.059077 	 1.381634 	
15 	 100078.125000 	 13.091911 	 -0.473871 	
16 	 85828.125000 	 13.144051 	 -2.286556 	
17 	 73640.625000 	 13.220509 	 -4.096995 	
18 	 63140.625000 	 13.316324 	 -5.922294 	
19 	 54140.625000 	 13.435419 	 -7.785864 	
20 	 46453.125000 	 13.585341 	 -9.712215 	
21 	 39890.625000 	 13.764355 	 -11.720364 	
22 	 34171.875000 	 13.983399 	 -13.862981 	
23 	 29296.875000 	 14.247075 	 -16.130449 	
24 	 25171.875000 	 14.555645 	 -18.530947 	
25 	 21609.375000 	 14.927743 	 -21.089611 	
26 	 18515.625000 	 15.387348 	 -23.868584 	
27 	 15890.625000 	 15.928212 	 -26.817961 	
28 	 13640.625000 	 16.595333 	 -29.907825 	
29 	 11671.875000 	 17.418171 	 -33.281586 	
30 	 10078.125000 	 18.357685 	 -36.532383 	
31 	 8578.125000 	 19.620951 	 -40.227455 	
32 	 7359.375488 	 21.087030 	 -43.772697 	
33 	 6328.125000 	 22.820265 	 -47.215374 	
34 	 5376.838379 	 25.086781 	 -50.857430 	
35 	 4641.543945 	 27.513716 	 -54.002190 	
36 	 3984.374756 	 31.709702 	 -56.823521 	
37 	 3421.875000 	 35.370182 	 -59.728512 	
38 	 2953.125000 	 39.512463 	 -62.330032 	
39 	 2527.573486 	 44.640778 	 -64.838348 	
40 	 2159.926514 	 50.682392 	 -67.132782 	
41 	 1847.956665 	 57.693230 	 -69.165642 	
42 	 1577.524048 	 66.021645 	 -71.010368 	
43 	 1359.375000 	 75.013390 	 -72.555618 	
44 	 1171.875000 	 85.474022 	 -73.929649 	
45 	 998.263855 	 98.354774 	 -75.286613 	
46 	 856.370239 	 112.831688 	 -76.411026 	
47 	 737.847229 	 129.002365 	 -77.423027 	
48 	 627.790161 	 149.100769 	 -78.435829 	
49 	 544.084778 	 169.863464 	 -79.136604 	
50 	 460.379456 	 197.594803 	 -80.008263 	
51 	 397.995270 	 225.671387 	 -80.695610 	
52 	 340.221771 	 260.503784 	 -81.387161 	
53 	 292.968750 	 298.788910 	 -82.023804 	
54 	 252.403839 	 342.856354 	 -82.642982 	
55 	 217.013885 	 394.118561 	 -83.245293 	
56 	 186.011902 	 454.254852 	 -83.892967 	
57 	 158.361496 	 527.360107 	 -84.565338 	
58 	 135.216339 	 610.560486 	 -85.297775 	
59 	 117.187500 	 697.313904 	 -85.976204 	
