IMPEDANCE MEASUREMENT 
1:35:40.357 PM 2026-10-05
Chamber temperature (K): 296.26
Chamber pressure (MPa): 1.75
Description: 	Default
Driving voltage (V): 0.01
Start freq (Hz): 1E+6
Stop freq (Hz): 1E+2
# freq steps: 60
Index #	Frequency (Hz)	Impedance (ohms)	Phase (degrees)
0 	 1000078.125000 	 28.954653 	 50.927429 	
1 	 857765.625000 	 26.169514 	 47.122089 	
2 	 735703.125000 	 18.758230 	 31.617500 	
3 	 630984.375000 	 18.025398 	 27.661720 	
4 	 541171.875000 	 17.467800 	 24.022114 	
5 	 464203.125000 	 17.038980 	 20.673536 	
6 	 398109.375000 	 16.723993 	 17.593016 	
7 	 341484.375000 	 16.476936 	 14.807810 	
8 	 292921.875000 	 16.308886 	 12.287212 	
9 	 251203.140625 	 16.181505 	 10.008522 	
10 	 215484.375000 	 16.098892 	 7.931475 	
11 	 184828.125000 	 16.045271 	 6.031900 	
12 	 158578.125000 	 16.017237 	 4.257496 	
13 	 135984.375000 	 16.009800 	 2.572791 	
14 	 116671.867187 	 16.028719 	 0.987519 	
15 	 100078.125000 	 16.060383 	 -0.523706 	
16 	 85828.125000 	 16.113070 	 -2.039386 	
17 	 73640.625000 	 16.186813 	 -3.560065 	
18 	 63140.625000 	 16.275860 	 -5.082024 	
19 	 54140.625000 	 16.398041 	 -6.664619 	
20 	 46453.125000 	 16.541262 	 -8.301458 	
21 	 39890.625000 	 16.711744 	 -10.033154 	
22 	 34171.875000 	 16.924685 	 -11.885970 	
23 	 29296.875000 	 17.174135 	 -13.867959 	
24 	 25171.875000 	 17.473606 	 -15.934283 	
25 	 21609.375000 	 17.831635 	 -18.216787 	
26 	 18515.625000 	 18.265190 	 -20.681990 	
27 	 15890.625000 	 18.783316 	 -23.313080 	
28 	 13640.625000 	 19.413830 	 -26.144375 	
29 	 11671.875000 	 20.196566 	 -29.247412 	
30 	 10078.125000 	 21.076859 	 -32.323116 	
31 	 8578.125000 	 22.285255 	 -35.878288 	
32 	 7359.375488 	 23.674526 	 -39.377338 	
33 	 6328.125000 	 25.334806 	 -42.867847 	
34 	 5376.838379 	 27.531925 	 -46.599678 	
35 	 4641.543945 	 30.875874 	 -49.628716 	
36 	 3984.374756 	 33.920486 	 -52.986111 	
37 	 3421.875000 	 37.520905 	 -56.170826 	
38 	 2953.125000 	 41.654942 	 -59.063381 	
39 	 2527.573486 	 46.755989 	 -61.887493 	
40 	 2159.926514 	 52.850048 	 -64.510292 	
41 	 1847.956665 	 59.939640 	 -66.862343 	
42 	 1577.524048 	 68.370544 	 -69.009995 	
43 	 1359.375000 	 77.584351 	 -70.791191 	
44 	 1171.875000 	 88.165207 	 -72.414886 	
45 	 998.263855 	 101.475517 	 -73.941360 	
46 	 856.370239 	 116.207970 	 -75.270897 	
47 	 737.847229 	 132.828979 	 -76.419930 	
48 	 627.790161 	 153.409531 	 -77.558456 	
49 	 544.084778 	 174.681946 	 -78.369507 	
50 	 460.379456 	 203.287155 	 -79.312019 	
51 	 397.995270 	 232.157822 	 -80.055161 	
52 	 340.221771 	 268.012573 	 -80.793312 	
53 	 292.968750 	 307.671417 	 -81.453735 	
54 	 252.403839 	 352.860352 	 -82.083809 	
55 	 217.013885 	 405.577515 	 -82.713394 	
56 	 186.011902 	 467.702209 	 -83.324303 	
57 	 158.361496 	 542.689819 	 -83.959473 	
58 	 135.216339 	 628.132446 	 -84.623436 	
59 	 117.187500 	 717.460999 	 -85.230743 	
