IMPEDANCE MEASUREMENT 
1:49:47.736 PM 2026-10-05
Chamber temperature (K): 296.27
Chamber pressure (MPa): 1.16
Description: 	Default
Driving voltage (V): 0.01
Start freq (Hz): 1E+6
Stop freq (Hz): 1E+2
# freq steps: 60
Index #	Frequency (Hz)	Impedance (ohms)	Phase (degrees)
0 	 1000078.125000 	 29.110733 	 51.491299 	
1 	 857765.625000 	 26.284058 	 47.638958 	
2 	 735703.125000 	 18.766502 	 31.995188 	
3 	 630984.375000 	 18.022598 	 27.984280 	
4 	 541171.875000 	 17.445276 	 24.306257 	
5 	 464203.125000 	 17.012184 	 20.925097 	
6 	 398109.375000 	 16.685860 	 17.833002 	
7 	 341484.375000 	 16.447243 	 15.018376 	
8 	 292921.875000 	 16.264832 	 12.479858 	
9 	 251203.140625 	 16.141212 	 10.158950 	
10 	 215484.375000 	 16.051775 	 8.066216 	
11 	 184828.125000 	 15.997550 	 6.115038 	
12 	 158578.125000 	 15.970624 	 4.335574 	
13 	 135984.375000 	 15.967011 	 2.652656 	
14 	 116671.867187 	 15.981377 	 1.063445 	
15 	 100078.125000 	 16.014019 	 -0.481438 	
16 	 85828.125000 	 16.066652 	 -2.003420 	
17 	 73640.625000 	 16.139833 	 -3.520332 	
18 	 63140.625000 	 16.231924 	 -5.073174 	
19 	 54140.625000 	 16.348049 	 -6.659830 	
20 	 46453.125000 	 16.492184 	 -8.323974 	
21 	 39890.625000 	 16.664423 	 -10.038432 	
22 	 34171.875000 	 16.877077 	 -11.903690 	
23 	 29296.875000 	 17.132933 	 -13.880821 	
24 	 25171.875000 	 17.426445 	 -15.961285 	
25 	 21609.375000 	 17.788717 	 -18.248837 	
26 	 18515.625000 	 18.220648 	 -20.698410 	
27 	 15890.625000 	 18.740793 	 -23.360897 	
28 	 13640.625000 	 19.371948 	 -26.195805 	
29 	 11671.875000 	 20.146708 	 -29.292734 	
30 	 10078.125000 	 21.042494 	 -32.376648 	
31 	 8578.125000 	 22.240026 	 -35.949409 	
32 	 7359.375488 	 23.635094 	 -39.446056 	
33 	 6328.125000 	 25.308405 	 -42.906727 	
34 	 5376.838379 	 27.508036 	 -46.700500 	
35 	 4641.543945 	 30.844152 	 -49.722919 	
36 	 3984.374756 	 33.877937 	 -53.083321 	
37 	 3421.875000 	 37.493916 	 -56.270947 	
38 	 2953.125000 	 41.601536 	 -59.136955 	
39 	 2527.573486 	 46.734787 	 -61.984425 	
40 	 2159.926514 	 52.838634 	 -64.547493 	
41 	 1847.956665 	 59.921890 	 -66.913704 	
42 	 1577.524048 	 68.358383 	 -69.062416 	
43 	 1359.375000 	 77.530281 	 -70.861130 	
44 	 1171.875000 	 88.131584 	 -72.455048 	
45 	 998.263855 	 101.532730 	 -74.003387 	
46 	 856.370239 	 116.140182 	 -75.280487 	
47 	 737.847229 	 132.685791 	 -76.426590 	
48 	 627.790161 	 153.573853 	 -77.552917 	
49 	 544.084778 	 174.589951 	 -78.446327 	
50 	 460.379456 	 203.321976 	 -79.337387 	
51 	 397.995270 	 232.193604 	 -80.076385 	
52 	 340.221771 	 268.023163 	 -80.816330 	
53 	 292.968750 	 307.711273 	 -81.484421 	
54 	 252.403839 	 352.905609 	 -82.116417 	
55 	 217.013885 	 405.729462 	 -82.729866 	
56 	 186.011902 	 467.585876 	 -83.372025 	
57 	 158.361496 	 542.738281 	 -84.019333 	
58 	 135.216339 	 628.692444 	 -84.640121 	
59 	 117.187500 	 717.668945 	 -85.297623 	
