IMPEDANCE MEASUREMENT 
2:32:25.266 PM 2026-10-05
Chamber temperature (K): 296.34
Chamber pressure (MPa): 1.41
Description: 	Default
Driving voltage (V): 0.01
Start freq (Hz): 1E+6
Stop freq (Hz): 1E+2
# freq steps: 60
Index #	Frequency (Hz)	Impedance (ohms)	Phase (degrees)
0 	 1000078.125000 	 26.871593 	 57.172791 	
1 	 857765.625000 	 17.316160 	 41.653267 	
2 	 735703.125000 	 16.256708 	 37.178211 	
3 	 630984.375000 	 15.415869 	 32.872597 	
4 	 541171.875000 	 14.772337 	 28.739351 	
5 	 464203.125000 	 14.272862 	 24.900885 	
6 	 398109.375000 	 13.895066 	 21.337450 	
7 	 341484.375000 	 13.618131 	 18.049547 	
8 	 292921.875000 	 13.409630 	 15.046337 	
9 	 251203.140625 	 13.260120 	 12.291885 	
10 	 215484.375000 	 13.156329 	 9.788242 	
11 	 184828.125000 	 13.087803 	 7.443546 	
12 	 158578.125000 	 13.056862 	 5.310803 	
13 	 135984.375000 	 13.044730 	 3.291923 	
14 	 116671.867187 	 13.054008 	 1.361537 	
15 	 100078.125000 	 13.093532 	 -0.480864 	
16 	 85828.125000 	 13.144732 	 -2.291236 	
17 	 73640.625000 	 13.217340 	 -4.101816 	
18 	 63140.625000 	 13.315517 	 -5.928271 	
19 	 54140.625000 	 13.433991 	 -7.797160 	
20 	 46453.125000 	 13.581123 	 -9.712624 	
21 	 39890.625000 	 13.763595 	 -11.718438 	
22 	 34171.875000 	 13.984633 	 -13.871656 	
23 	 29296.875000 	 14.244173 	 -16.136873 	
24 	 25171.875000 	 14.554672 	 -18.519592 	
25 	 21609.375000 	 14.928158 	 -21.085835 	
26 	 18515.625000 	 15.384523 	 -23.874947 	
27 	 15890.625000 	 15.933311 	 -26.805691 	
28 	 13640.625000 	 16.594322 	 -29.911549 	
29 	 11671.875000 	 17.420076 	 -33.271191 	
30 	 10078.125000 	 18.364788 	 -36.547028 	
31 	 8578.125000 	 19.622807 	 -40.245380 	
32 	 7359.375488 	 21.085405 	 -43.770115 	
33 	 6328.125000 	 22.817770 	 -47.246223 	
34 	 5376.838379 	 25.088861 	 -50.847874 	
35 	 4641.543945 	 27.533197 	 -54.015610 	
36 	 3984.374756 	 31.714457 	 -56.830559 	
37 	 3421.875000 	 35.369331 	 -59.751850 	
38 	 2953.125000 	 39.509781 	 -62.331551 	
39 	 2527.573486 	 44.632755 	 -64.835670 	
40 	 2159.926514 	 50.666920 	 -67.095131 	
41 	 1847.956665 	 57.709476 	 -69.180244 	
42 	 1577.524048 	 65.991570 	 -71.001945 	
43 	 1359.375000 	 75.032471 	 -72.579514 	
44 	 1171.875000 	 85.411301 	 -73.935913 	
45 	 998.263855 	 98.436409 	 -75.328171 	
46 	 856.370239 	 112.888023 	 -76.383888 	
47 	 737.847229 	 128.888504 	 -77.438972 	
48 	 627.790161 	 149.111526 	 -78.459412 	
49 	 544.084778 	 169.838257 	 -79.202431 	
50 	 460.379456 	 197.622055 	 -80.007568 	
51 	 397.995270 	 225.696808 	 -80.689789 	
52 	 340.221771 	 260.515656 	 -81.385895 	
53 	 292.968750 	 298.798737 	 -82.027390 	
54 	 252.403839 	 342.998260 	 -82.637245 	
55 	 217.013885 	 394.139618 	 -83.270088 	
56 	 186.011902 	 454.539978 	 -83.862144 	
57 	 158.361496 	 527.636963 	 -84.602325 	
58 	 135.216339 	 611.065247 	 -85.266586 	
59 	 117.187500 	 697.420044 	 -85.951523 	
