IMPEDANCE MEASUREMENT 
2:34:15.292 PM 2026-10-05
Chamber temperature (K): 296.34
Chamber pressure (MPa): 1.39
Description: 	Default
Driving voltage (V): 0.01
Start freq (Hz): 1E+6
Stop freq (Hz): 1E+2
# freq steps: 60
Index #	Frequency (Hz)	Impedance (ohms)	Phase (degrees)
0 	 1000078.125000 	 26.839403 	 57.068207 	
1 	 857765.625000 	 17.319056 	 41.677864 	
2 	 735703.125000 	 16.253233 	 37.189342 	
3 	 630984.375000 	 15.419620 	 32.852879 	
4 	 541171.875000 	 14.772986 	 28.747276 	
5 	 464203.125000 	 14.274886 	 24.919287 	
6 	 398109.375000 	 13.902817 	 21.336653 	
7 	 341484.375000 	 13.619193 	 18.043102 	
8 	 292921.875000 	 13.412027 	 15.049986 	
9 	 251203.140625 	 13.262628 	 12.301373 	
10 	 215484.375000 	 13.158061 	 9.784849 	
11 	 184828.125000 	 13.096958 	 7.455948 	
12 	 158578.125000 	 13.056148 	 5.307757 	
13 	 135984.375000 	 13.043724 	 3.270201 	
14 	 116671.867187 	 13.060325 	 1.365747 	
15 	 100078.125000 	 13.091097 	 -0.468429 	
16 	 85828.125000 	 13.146232 	 -2.289796 	
17 	 73640.625000 	 13.218203 	 -4.089713 	
18 	 63140.625000 	 13.317434 	 -5.920181 	
19 	 54140.625000 	 13.437402 	 -7.792465 	
20 	 46453.125000 	 13.585023 	 -9.717085 	
21 	 39890.625000 	 13.767414 	 -11.721596 	
22 	 34171.875000 	 13.983113 	 -13.865664 	
23 	 29296.875000 	 14.246119 	 -16.136974 	
24 	 25171.875000 	 14.553612 	 -18.509043 	
25 	 21609.375000 	 14.926476 	 -21.078876 	
26 	 18515.625000 	 15.384057 	 -23.873800 	
27 	 15890.625000 	 15.931667 	 -26.807346 	
28 	 13640.625000 	 16.593010 	 -29.918652 	
29 	 11671.875000 	 17.418959 	 -33.274956 	
30 	 10078.125000 	 18.363382 	 -36.524826 	
31 	 8578.125000 	 19.622595 	 -40.229073 	
32 	 7359.375488 	 21.079605 	 -43.774986 	
33 	 6328.125000 	 22.822647 	 -47.227535 	
34 	 5376.838379 	 25.075525 	 -50.877457 	
35 	 4641.543945 	 27.516811 	 -54.009705 	
36 	 3984.374756 	 31.708042 	 -56.816929 	
37 	 3421.875000 	 35.359261 	 -59.739254 	
38 	 2953.125000 	 39.508121 	 -62.324047 	
39 	 2527.573486 	 44.630096 	 -64.844986 	
40 	 2159.926514 	 50.680531 	 -67.113251 	
41 	 1847.956665 	 57.716076 	 -69.179779 	
42 	 1577.524048 	 65.992271 	 -70.988724 	
43 	 1359.375000 	 74.995346 	 -72.568916 	
44 	 1171.875000 	 85.440643 	 -73.945984 	
45 	 998.263855 	 98.431503 	 -75.296234 	
46 	 856.370239 	 112.791092 	 -76.441597 	
47 	 737.847229 	 128.797806 	 -77.428688 	
48 	 627.790161 	 149.019608 	 -78.389091 	
49 	 544.084778 	 169.831879 	 -79.158821 	
50 	 460.379456 	 197.584152 	 -80.008499 	
51 	 397.995270 	 225.664871 	 -80.692162 	
52 	 340.221771 	 260.477295 	 -81.389015 	
53 	 292.968750 	 298.774200 	 -82.030876 	
54 	 252.403839 	 342.918274 	 -82.646370 	
55 	 217.013885 	 394.088104 	 -83.249069 	
56 	 186.011902 	 454.408325 	 -83.889435 	
57 	 158.361496 	 527.303711 	 -84.587418 	
58 	 135.216339 	 610.518005 	 -85.298370 	
59 	 117.187500 	 697.915222 	 -85.933929 	
