IMPEDANCE MEASUREMENT 
2:30:04.877 PM 2026-10-05
Chamber temperature (K): 296.34
Chamber pressure (MPa): 1.49
Description: 	Default
Driving voltage (V): 0.01
Start freq (Hz): 1E+6
Stop freq (Hz): 1E+2
# freq steps: 60
Index #	Frequency (Hz)	Impedance (ohms)	Phase (degrees)
0 	 1000078.125000 	 26.852795 	 57.135273 	
1 	 857765.625000 	 17.308640 	 41.687134 	
2 	 735703.125000 	 16.239351 	 37.191643 	
3 	 630984.375000 	 15.409604 	 32.835850 	
4 	 541171.875000 	 14.767350 	 28.748993 	
5 	 464203.125000 	 14.275165 	 24.888474 	
6 	 398109.375000 	 13.896748 	 21.312057 	
7 	 341484.375000 	 13.614126 	 18.029816 	
8 	 292921.875000 	 13.406992 	 15.029372 	
9 	 251203.140625 	 13.262059 	 12.276898 	
10 	 215484.375000 	 13.157327 	 9.754033 	
11 	 184828.125000 	 13.093124 	 7.435196 	
12 	 158578.125000 	 13.057978 	 5.277210 	
13 	 135984.375000 	 13.041388 	 3.270261 	
14 	 116671.867187 	 13.057654 	 1.347224 	
15 	 100078.125000 	 13.093579 	 -0.484389 	
16 	 85828.125000 	 13.148070 	 -2.301140 	
17 	 73640.625000 	 13.220153 	 -4.101262 	
18 	 63140.625000 	 13.317397 	 -5.928517 	
19 	 54140.625000 	 13.438988 	 -7.789747 	
20 	 46453.125000 	 13.587674 	 -9.720304 	
21 	 39890.625000 	 13.767852 	 -11.720795 	
22 	 34171.875000 	 13.984756 	 -13.870416 	
23 	 29296.875000 	 14.247683 	 -16.143341 	
24 	 25171.875000 	 14.559256 	 -18.525442 	
25 	 21609.375000 	 14.931459 	 -21.105030 	
26 	 18515.625000 	 15.389227 	 -23.869875 	
27 	 15890.625000 	 15.934234 	 -26.812412 	
28 	 13640.625000 	 16.596163 	 -29.928383 	
29 	 11671.875000 	 17.417637 	 -33.279461 	
30 	 10078.125000 	 18.369965 	 -36.541599 	
31 	 8578.125000 	 19.624392 	 -40.236706 	
32 	 7359.375488 	 21.090017 	 -43.781494 	
33 	 6328.125000 	 22.818581 	 -47.233612 	
