IMPEDANCE MEASUREMENT 
10:47:05.593 AM 2026-10-05
Chamber temperature (K): 296.05
Chamber pressure (MPa): 2.01
Description: 	Default
Driving voltage (V): 0.01
Start freq (Hz): 1E+6
Stop freq (Hz): 1E+2
# freq steps: 60
Index #	Frequency (Hz)	Impedance (ohms)	Phase (degrees)
0 	 1000078.125000 	 17.388184 	 45.313038 	
1 	 857765.625000 	 16.168816 	 40.914150 	
2 	 735703.125000 	 15.204640 	 36.580383 	
3 	 630984.375000 	 14.446498 	 32.386757 	
4 	 541171.875000 	 13.852100 	 28.374510 	
5 	 464203.125000 	 13.388419 	 24.570015 	
6 	 398109.375000 	 13.040346 	 21.037924 	
7 	 341484.375000 	 12.776004 	 17.787058 	
8 	 292921.875000 	 12.579663 	 14.798120 	
9 	 251203.140625 	 12.438842 	 12.087564 	
10 	 215484.375000 	 12.340130 	 9.591240 	
11 	 184828.125000 	 12.277367 	 7.305450 	
12 	 158578.125000 	 12.238729 	 5.168473 	
13 	 135984.375000 	 12.239397 	 3.136639 	
14 	 116671.867187 	 12.242955 	 1.258739 	
15 	 100078.125000 	 12.278877 	 -0.556640 	
16 	 85828.125000 	 12.330368 	 -2.380462 	
17 	 73640.625000 	 12.397614 	 -4.188726 	
18 	 63140.625000 	 12.489377 	 -6.018098 	
19 	 54140.625000 	 12.604808 	 -7.896688 	
20 	 46453.125000 	 12.742839 	 -9.824123 	
21 	 39890.625000 	 12.912468 	 -11.833984 	
22 	 34171.875000 	 13.118984 	 -13.984336 	
23 	 29296.875000 	 13.365252 	 -16.259735 	
24 	 25171.875000 	 13.661472 	 -18.670994 	
25 	 21609.375000 	 14.011747 	 -21.259602 	
26 	 18515.625000 	 14.445493 	 -24.051058 	
27 	 15890.625000 	 14.967525 	 -27.007978 	
28 	 13640.625000 	 15.593923 	 -30.130920 	
29 	 11671.875000 	 16.377155 	 -33.478252 	
30 	 10078.125000 	 17.272396 	 -36.768253 	
31 	 8578.125000 	 18.471470 	 -40.452568 	
32 	 7359.375488 	 19.855652 	 -43.994423 	
33 	 6328.125000 	 21.508940 	 -47.431496 	
34 	 5376.838379 	 23.653717 	 -51.053028 	
35 	 4641.543945 	 25.961023 	 -54.189175 	
36 	 3984.374756 	 28.789444 	 -57.291264 	
37 	 3421.875000 	 33.364414 	 -59.922340 	
38 	 2953.125000 	 37.291531 	 -62.486977 	
39 	 2527.573486 	 42.139702 	 -64.983192 	
40 	 2159.926514 	 47.844810 	 -67.246758 	
41 	 1847.956665 	 54.445000 	 -69.280617 	
42 	 1577.524048 	 62.232742 	 -71.122147 	
43 	 1359.375000 	 70.839691 	 -72.658432 	
44 	 1171.875000 	 80.584412 	 -74.042480 	
45 	 998.263855 	 92.914673 	 -75.419014 	
46 	 856.370239 	 106.529510 	 -76.523186 	
47 	 737.847229 	 121.812012 	 -77.546570 	
48 	 627.790161 	 140.919571 	 -78.458565 	
49 	 544.084778 	 160.504974 	 -79.260391 	
50 	 460.379456 	 186.779480 	 -80.116165 	
51 	 397.995270 	 213.375900 	 -80.790047 	
52 	 340.221771 	 246.352570 	 -81.481285 	
53 	 292.968750 	 282.630981 	 -82.102821 	
54 	 252.403839 	 324.638794 	 -82.740067 	
55 	 217.013885 	 373.268738 	 -83.360748 	
56 	 186.011902 	 430.660583 	 -83.985451 	
57 	 158.361496 	 499.726898 	 -84.682411 	
58 	 135.216339 	 578.900879 	 -85.367676 	
59 	 117.187500 	 661.603577 	 -86.085609 	
