IMPEDANCE MEASUREMENT 
2:38:31.023 PM 2026-10-05
Chamber temperature (K): 296.35
Chamber pressure (MPa): 2.37
Description: 	Default
Driving voltage (V): 0.01
Start freq (Hz): 1E+6
Stop freq (Hz): 1E+2
# freq steps: 60
Index #	Frequency (Hz)	Impedance (ohms)	Phase (degrees)
0 	 1000078.125000 	 26.525921 	 56.611145 	
1 	 857765.625000 	 16.730610 	 39.315788 	
2 	 735703.125000 	 16.244274 	 37.160427 	
3 	 630984.375000 	 15.406966 	 32.833885 	
4 	 541171.875000 	 14.764485 	 28.723728 	
5 	 464203.125000 	 14.275840 	 24.867653 	
6 	 398109.375000 	 13.901317 	 21.301609 	
7 	 341484.375000 	 13.616316 	 18.034620 	
8 	 292921.875000 	 13.411218 	 15.031726 	
9 	 251203.140625 	 13.262296 	 12.267133 	
10 	 215484.375000 	 13.160020 	 9.761806 	
11 	 184828.125000 	 13.088801 	 7.433412 	
12 	 158578.125000 	 13.052527 	 5.311126 	
13 	 135984.375000 	 13.043869 	 3.271214 	
14 	 116671.867187 	 13.058515 	 1.356551 	
15 	 100078.125000 	 13.091607 	 -0.487259 	
16 	 85828.125000 	 13.143321 	 -2.290285 	
17 	 73640.625000 	 13.218225 	 -4.110160 	
18 	 63140.625000 	 13.314776 	 -5.933165 	
19 	 54140.625000 	 13.436911 	 -7.778723 	
20 	 46453.125000 	 13.588785 	 -9.717449 	
21 	 39890.625000 	 13.765307 	 -11.719095 	
22 	 34171.875000 	 13.983678 	 -13.864434 	
23 	 29296.875000 	 14.245557 	 -16.137943 	
24 	 25171.875000 	 14.554943 	 -18.534531 	
25 	 21609.375000 	 14.930209 	 -21.098764 	
26 	 18515.625000 	 15.385078 	 -23.890551 	
27 	 15890.625000 	 15.931867 	 -26.809870 	
28 	 13640.625000 	 16.593798 	 -29.939915 	
29 	 11671.875000 	 17.423397 	 -33.283913 	
30 	 10078.125000 	 18.361753 	 -36.536289 	
31 	 8578.125000 	 19.625620 	 -40.239815 	
32 	 7359.375488 	 21.088139 	 -43.760921 	
33 	 6328.125000 	 22.821531 	 -47.254944 	
34 	 5376.838379 	 25.089678 	 -50.868603 	
35 	 4641.543945 	 27.528326 	 -54.028591 	
36 	 3984.374756 	 31.692827 	 -56.828724 	
37 	 3421.875000 	 35.340675 	 -59.741142 	
38 	 2953.125000 	 39.468582 	 -62.344696 	
39 	 2527.573486 	 44.608845 	 -64.851212 	
40 	 2159.926514 	 50.641891 	 -67.120377 	
41 	 1847.956665 	 57.643963 	 -69.168724 	
42 	 1577.524048 	 65.967155 	 -71.005692 	
43 	 1359.375000 	 74.974503 	 -72.555916 	
44 	 1171.875000 	 85.376823 	 -73.969284 	
45 	 998.263855 	 98.358818 	 -75.294678 	
46 	 856.370239 	 112.737778 	 -76.435539 	
47 	 737.847229 	 128.964630 	 -77.393982 	
48 	 627.790161 	 149.072205 	 -78.401146 	
49 	 544.084778 	 169.615402 	 -79.260368 	
50 	 460.379456 	 197.536255 	 -80.007744 	
51 	 397.995270 	 225.604004 	 -80.691093 	
52 	 340.221771 	 260.401459 	 -81.383888 	
53 	 292.968750 	 298.674103 	 -82.020462 	
54 	 252.403839 	 342.785309 	 -82.627716 	
55 	 217.013885 	 394.101959 	 -83.247284 	
56 	 186.011902 	 454.326172 	 -83.876785 	
57 	 158.361496 	 527.328064 	 -84.566856 	
58 	 135.216339 	 610.240112 	 -85.273270 	
59 	 117.187500 	 697.952087 	 -85.965538 	
