IMPEDANCE MEASUREMENT 
1:40:45.093 PM 2026-10-05
Chamber temperature (K): 296.27
Chamber pressure (MPa): 1.58
Description: 	Default
Driving voltage (V): 0.01
Start freq (Hz): 1E+6
Stop freq (Hz): 1E+2
# freq steps: 60
Index #	Frequency (Hz)	Impedance (ohms)	Phase (degrees)
0 	 1000078.125000 	 34869.425781 	 -97.201012 	
1 	 857765.625000 	 45796.402344 	 -136.739029 	
2 	 735703.125000 	 369564.750000 	 -38.102207 	
3 	 630984.375000 	 15596.314453 	 -109.700951 	
4 	 541171.875000 	 281582.406250 	 -93.412331 	
5 	 464203.125000 	 36102.769531 	 34.340832 	
6 	 398109.375000 	 154002.953125 	 -112.588486 	
7 	 341484.375000 	 46281.281250 	 -46.345329 	
8 	 292921.875000 	 166627.875000 	 48.383228 	
9 	 251203.140625 	 71794.000000 	 9.417647 	
10 	 215484.375000 	 26298.431641 	 51.428608 	
11 	 184828.125000 	 85241.531250 	 -86.695572 	
12 	 158578.125000 	 44701.011719 	 -62.277714 	
13 	 135984.375000 	 139449.859375 	 45.034752 	
14 	 116671.867187 	 9931.136719 	 -57.004509 	
15 	 100078.125000 	 87.330360 	 52.843472 	
16 	 85828.125000 	 745562.687500 	 176.040436 	
17 	 73640.625000 	 837778.875000 	 29.693827 	
18 	 63140.625000 	 309850.500000 	 -9.900465 	
19 	 54140.625000 	 1221770.750000 	 -42.896061 	
20 	 46453.125000 	 831004.375000 	 171.040222 	
21 	 39890.625000 	 59042.281250 	 21.629211 	
22 	 34171.875000 	 359206.781250 	 -0.176223 	
23 	 29296.875000 	 414229.937500 	 157.900146 	
