IMPEDANCE MEASUREMENT 
1:33:50.010 PM 2026-10-05
Chamber temperature (K): 296.26
Chamber pressure (MPa): 1.7
Description: 	Default
Driving voltage (V): 0.01
Start freq (Hz): 1E+6
Stop freq (Hz): 1E+2
# freq steps: 60
Index #	Frequency (Hz)	Impedance (ohms)	Phase (degrees)
0 	 1000078.125000 	 28.959446 	 50.846397 	
1 	 857765.625000 	 26.192543 	 47.144966 	
2 	 735703.125000 	 18.286526 	 29.441074 	
3 	 630984.375000 	 18.031788 	 27.584705 	
4 	 541171.875000 	 17.472927 	 24.007927 	
5 	 464203.125000 	 17.043673 	 20.647718 	
6 	 398109.375000 	 16.727470 	 17.585922 	
7 	 341484.375000 	 16.487173 	 14.809451 	
8 	 292921.875000 	 16.314455 	 12.297882 	
9 	 251203.140625 	 16.186213 	 10.014949 	
10 	 215484.375000 	 16.105343 	 7.920032 	
11 	 184828.125000 	 16.041729 	 6.009006 	
12 	 158578.125000 	 16.018028 	 4.242497 	
13 	 135984.375000 	 16.021351 	 2.572676 	
14 	 116671.867187 	 16.028656 	 0.977590 	
15 	 100078.125000 	 16.067101 	 -0.533058 	
16 	 85828.125000 	 16.122044 	 -2.055427 	
17 	 73640.625000 	 16.190266 	 -3.554115 	
18 	 63140.625000 	 16.283464 	 -5.100019 	
19 	 54140.625000 	 16.404263 	 -6.678668 	
20 	 46453.125000 	 16.545864 	 -8.309020 	
21 	 39890.625000 	 16.719009 	 -10.025813 	
22 	 34171.875000 	 16.929150 	 -11.897839 	
23 	 29296.875000 	 17.185104 	 -13.865718 	
24 	 25171.875000 	 17.483820 	 -15.948242 	
25 	 21609.375000 	 17.834932 	 -18.209940 	
26 	 18515.625000 	 18.272331 	 -20.682703 	
27 	 15890.625000 	 18.789175 	 -23.316025 	
28 	 13640.625000 	 19.418665 	 -26.153732 	
29 	 11671.875000 	 20.197985 	 -29.242451 	
30 	 10078.125000 	 21.093246 	 -32.336208 	
31 	 8578.125000 	 22.290991 	 -35.886692 	
32 	 7359.375488 	 23.686546 	 -39.383713 	
33 	 6328.125000 	 25.350569 	 -42.880550 	
34 	 5376.838379 	 27.549015 	 -46.645397 	
35 	 4641.543945 	 30.902489 	 -49.639889 	
36 	 3984.374756 	 33.949753 	 -52.990383 	
37 	 3421.875000 	 37.556004 	 -56.191368 	
38 	 2953.125000 	 41.649815 	 -59.083790 	
39 	 2527.573486 	 46.808960 	 -61.944115 	
40 	 2159.926514 	 52.913509 	 -64.535927 	
41 	 1847.956665 	 60.003269 	 -66.871254 	
42 	 1577.524048 	 68.445442 	 -68.996429 	
43 	 1359.375000 	 77.702194 	 -70.825287 	
44 	 1171.875000 	 88.254448 	 -72.422791 	
45 	 998.263855 	 101.552811 	 -73.960648 	
46 	 856.370239 	 116.264099 	 -75.274963 	
47 	 737.847229 	 132.915573 	 -76.412361 	
48 	 627.790161 	 153.727859 	 -77.520065 	
49 	 544.084778 	 174.830002 	 -78.378242 	
50 	 460.379456 	 203.510025 	 -79.316864 	
51 	 397.995270 	 232.410568 	 -80.060059 	
52 	 340.221771 	 268.273773 	 -80.797035 	
53 	 292.968750 	 307.959839 	 -81.466644 	
54 	 252.403839 	 353.199554 	 -82.088043 	
55 	 217.013885 	 405.990845 	 -82.716064 	
56 	 186.011902 	 468.220062 	 -83.347374 	
57 	 158.361496 	 543.371582 	 -83.967102 	
58 	 135.216339 	 628.738342 	 -84.626694 	
59 	 117.187500 	 718.356689 	 -85.299820 	
