IMPEDANCE MEASUREMENT 
11:21:37.039 AM 2026-10-05
Chamber temperature (K): 296.08
Chamber pressure (MPa): 2.34
Description: 	Default
Driving voltage (V): 0.01
Start freq (Hz): 1E+6
Stop freq (Hz): 1E+2
# freq steps: 60
Index #	Frequency (Hz)	Impedance (ohms)	Phase (degrees)
0 	 1000078.125000 	 17.979576 	 43.554909 	
1 	 857765.625000 	 16.812132 	 39.107231 	
2 	 735703.125000 	 15.886085 	 34.765278 	
3 	 630984.375000 	 15.161721 	 30.648832 	
4 	 541171.875000 	 14.606028 	 26.724810 	
5 	 464203.125000 	 14.166596 	 23.072393 	
6 	 398109.375000 	 13.838934 	 19.731758 	
7 	 341484.375000 	 13.592407 	 16.621521 	
8 	 292921.875000 	 13.413437 	 13.816186 	
9 	 251203.140625 	 13.282783 	 11.227623 	
10 	 215484.375000 	 13.191388 	 8.876465 	
11 	 184828.125000 	 13.131911 	 6.703765 	
12 	 158578.125000 	 13.105890 	 4.683784 	
13 	 135984.375000 	 13.102616 	 2.767694 	
14 	 116671.867187 	 13.115177 	 0.940211 	
15 	 100078.125000 	 13.152225 	 -0.797679 	
16 	 85828.125000 	 13.203659 	 -2.533640 	
17 	 73640.625000 	 13.278734 	 -4.272428 	
18 	 63140.625000 	 13.372986 	 -6.034504 	
19 	 54140.625000 	 13.492559 	 -7.845834 	
20 	 46453.125000 	 13.637628 	 -9.708639 	
21 	 39890.625000 	 13.816084 	 -11.664604 	
22 	 34171.875000 	 14.032789 	 -13.771775 	
23 	 29296.875000 	 14.293036 	 -15.994678 	
24 	 25171.875000 	 14.594699 	 -18.354351 	
25 	 21609.375000 	 14.960123 	 -20.868408 	
26 	 18515.625000 	 15.406918 	 -23.608772 	
27 	 15890.625000 	 15.941208 	 -26.532433 	
28 	 13640.625000 	 16.595070 	 -29.602423 	
29 	 11671.875000 	 17.403608 	 -32.918011 	
30 	 10078.125000 	 18.324711 	 -36.169785 	
31 	 8578.125000 	 19.565020 	 -39.837433 	
32 	 7359.375488 	 21.003950 	 -43.362221 	
33 	 6328.125000 	 22.708887 	 -46.813828 	
34 	 5376.838379 	 24.927240 	 -50.477600 	
35 	 4641.543945 	 27.338789 	 -53.655666 	
36 	 3984.374756 	 31.438553 	 -56.566723 	
37 	 3421.875000 	 35.026390 	 -59.496075 	
38 	 2953.125000 	 39.116013 	 -62.103657 	
39 	 2527.573486 	 44.158398 	 -64.624382 	
40 	 2159.926514 	 50.127285 	 -66.924217 	
41 	 1847.956665 	 57.049496 	 -69.018181 	
42 	 1577.524048 	 65.228371 	 -70.869606 	
43 	 1359.375000 	 74.184235 	 -72.441933 	
44 	 1171.875000 	 84.428482 	 -73.847717 	
45 	 998.263855 	 97.277573 	 -75.222130 	
46 	 856.370239 	 111.471436 	 -76.363708 	
47 	 737.847229 	 127.473732 	 -77.347206 	
48 	 627.790161 	 147.470291 	 -78.334724 	
49 	 544.084778 	 167.832260 	 -79.065681 	
50 	 460.379456 	 195.315964 	 -79.984161 	
51 	 397.995270 	 223.060608 	 -80.671967 	
52 	 340.221771 	 257.502167 	 -81.361809 	
53 	 292.968750 	 295.403534 	 -81.997780 	
54 	 252.403839 	 339.041199 	 -82.615746 	
55 	 217.013885 	 389.751740 	 -83.234818 	
56 	 186.011902 	 449.254425 	 -83.834747 	
57 	 158.361496 	 521.479980 	 -84.529419 	
58 	 135.216339 	 603.716003 	 -85.219627 	
59 	 117.187500 	 690.288269 	 -85.863495 	
