IMPEDANCE MEASUREMENT 
11:22:32.399 AM 2026-10-05
Chamber temperature (K): 296.08
Chamber pressure (MPa): 1.88
Description: 	Default
Driving voltage (V): 0.01
Start freq (Hz): 1E+6
Stop freq (Hz): 1E+2
# freq steps: 60
Index #	Frequency (Hz)	Impedance (ohms)	Phase (degrees)
0 	 1000078.125000 	 17.977789 	 43.721489 	
1 	 857765.625000 	 16.804775 	 39.230297 	
2 	 735703.125000 	 15.878526 	 34.888828 	
3 	 630984.375000 	 15.160979 	 30.709692 	
4 	 541171.875000 	 14.600252 	 26.790173 	
5 	 464203.125000 	 14.167273 	 23.131067 	
6 	 398109.375000 	 13.841419 	 19.765612 	
7 	 341484.375000 	 13.595945 	 16.688499 	
8 	 292921.875000 	 13.413176 	 13.841891 	
9 	 251203.140625 	 13.285509 	 11.262985 	
10 	 215484.375000 	 13.195273 	 8.910865 	
11 	 184828.125000 	 13.138681 	 6.715929 	
12 	 158578.125000 	 13.111240 	 4.691413 	
13 	 135984.375000 	 13.101150 	 2.779113 	
14 	 116671.867187 	 13.120142 	 0.963319 	
15 	 100078.125000 	 13.154253 	 -0.798605 	
16 	 85828.125000 	 13.203154 	 -2.522528 	
17 	 73640.625000 	 13.281374 	 -4.265949 	
18 	 63140.625000 	 13.375042 	 -6.022887 	
19 	 54140.625000 	 13.494991 	 -7.842153 	
20 	 46453.125000 	 13.641752 	 -9.713394 	
21 	 39890.625000 	 13.816677 	 -11.674654 	
22 	 34171.875000 	 14.031943 	 -13.761485 	
23 	 29296.875000 	 14.290688 	 -15.995243 	
24 	 25171.875000 	 14.591497 	 -18.340460 	
25 	 21609.375000 	 14.959385 	 -20.867428 	
26 	 18515.625000 	 15.405108 	 -23.624723 	
27 	 15890.625000 	 15.946284 	 -26.514448 	
28 	 13640.625000 	 16.595068 	 -29.606024 	
29 	 11671.875000 	 17.402397 	 -32.931946 	
30 	 10078.125000 	 18.330925 	 -36.165886 	
31 	 8578.125000 	 19.569309 	 -39.825096 	
32 	 7359.375488 	 20.999815 	 -43.351974 	
33 	 6328.125000 	 22.703114 	 -46.824383 	
34 	 5376.838379 	 24.937080 	 -50.469139 	
35 	 4641.543945 	 27.327463 	 -53.652985 	
36 	 3984.374756 	 31.429989 	 -56.538067 	
37 	 3421.875000 	 35.019276 	 -59.483982 	
38 	 2953.125000 	 39.104706 	 -62.087517 	
39 	 2527.573486 	 44.167484 	 -64.647308 	
40 	 2159.926514 	 50.109928 	 -66.925987 	
41 	 1847.956665 	 57.065277 	 -68.986504 	
42 	 1577.524048 	 65.195580 	 -70.871872 	
43 	 1359.375000 	 74.176697 	 -72.452316 	
44 	 1171.875000 	 84.410095 	 -73.874107 	
45 	 998.263855 	 97.338692 	 -75.219971 	
46 	 856.370239 	 111.439667 	 -76.358780 	
47 	 737.847229 	 127.260048 	 -77.375275 	
48 	 627.790161 	 147.408737 	 -78.339531 	
49 	 544.084778 	 167.633026 	 -79.181564 	
50 	 460.379456 	 195.289368 	 -79.985367 	
51 	 397.995270 	 223.069244 	 -80.666313 	
52 	 340.221771 	 257.499451 	 -81.365517 	
53 	 292.968750 	 295.357208 	 -82.005997 	
54 	 252.403839 	 339.022675 	 -82.618187 	
55 	 217.013885 	 389.698639 	 -83.224251 	
56 	 186.011902 	 449.364349 	 -83.821777 	
57 	 158.361496 	 521.737732 	 -84.534370 	
58 	 135.216339 	 604.171692 	 -85.228752 	
59 	 117.187500 	 689.781128 	 -85.920158 	
