IMPEDANCE MEASUREMENT 
1:34:45.584 PM 2026-10-05
Chamber temperature (K): 296.26
Chamber pressure (MPa): 0.96
Description: 	Default
Driving voltage (V): 0.01
Start freq (Hz): 1E+6
Stop freq (Hz): 1E+2
# freq steps: 60
Index #	Frequency (Hz)	Impedance (ohms)	Phase (degrees)
0 	 1000078.125000 	 28.936317 	 50.960464 	
1 	 857765.625000 	 26.187262 	 47.122639 	
2 	 735703.125000 	 18.763521 	 31.630903 	
3 	 630984.375000 	 18.029896 	 27.668686 	
4 	 541171.875000 	 17.461405 	 24.018950 	
5 	 464203.125000 	 17.044577 	 20.683144 	
6 	 398109.375000 	 16.722328 	 17.602844 	
7 	 341484.375000 	 16.480129 	 14.818416 	
8 	 292921.875000 	 16.303902 	 12.298133 	
9 	 251203.140625 	 16.185349 	 9.999308 	
10 	 215484.375000 	 16.095112 	 7.921604 	
11 	 184828.125000 	 16.042288 	 6.018456 	
12 	 158578.125000 	 16.017857 	 4.235083 	
13 	 135984.375000 	 16.016537 	 2.552318 	
14 	 116671.867187 	 16.026997 	 1.003256 	
15 	 100078.125000 	 16.063580 	 -0.533131 	
16 	 85828.125000 	 16.113352 	 -2.040867 	
17 	 73640.625000 	 16.185476 	 -3.556897 	
18 	 63140.625000 	 16.280611 	 -5.090812 	
19 	 54140.625000 	 16.395824 	 -6.672489 	
20 	 46453.125000 	 16.540712 	 -8.312422 	
21 	 39890.625000 	 16.715567 	 -10.030652 	
22 	 34171.875000 	 16.923721 	 -11.889580 	
23 	 29296.875000 	 17.175722 	 -13.857716 	
24 	 25171.875000 	 17.472906 	 -15.946846 	
25 	 21609.375000 	 17.830757 	 -18.199194 	
26 	 18515.625000 	 18.270645 	 -20.685072 	
27 	 15890.625000 	 18.781422 	 -23.327127 	
28 	 13640.625000 	 19.415974 	 -26.146433 	
29 	 11671.875000 	 20.189081 	 -29.248270 	
30 	 10078.125000 	 21.088825 	 -32.317387 	
31 	 8578.125000 	 22.284800 	 -35.878910 	
32 	 7359.375488 	 23.672714 	 -39.378475 	
33 	 6328.125000 	 25.340258 	 -42.877373 	
34 	 5376.838379 	 27.541885 	 -46.631416 	
35 	 4641.543945 	 30.884216 	 -49.627583 	
36 	 3984.374756 	 33.924458 	 -52.993782 	
37 	 3421.875000 	 37.541969 	 -56.174103 	
38 	 2953.125000 	 41.651314 	 -59.082081 	
39 	 2527.573486 	 46.782383 	 -61.907055 	
40 	 2159.926514 	 52.899666 	 -64.504219 	
41 	 1847.956665 	 60.004322 	 -66.848633 	
42 	 1577.524048 	 68.419914 	 -69.040245 	
43 	 1359.375000 	 77.606476 	 -70.763329 	
44 	 1171.875000 	 88.232811 	 -72.413132 	
45 	 998.263855 	 101.589470 	 -73.919472 	
46 	 856.370239 	 116.249496 	 -75.252777 	
47 	 737.847229 	 132.766113 	 -76.425484 	
48 	 627.790161 	 153.665024 	 -77.508820 	
49 	 544.084778 	 174.733109 	 -78.401260 	
50 	 460.379456 	 203.408585 	 -79.320602 	
51 	 397.995270 	 232.294876 	 -80.058716 	
52 	 340.221771 	 268.143707 	 -80.797379 	
53 	 292.968750 	 307.833191 	 -81.466057 	
54 	 252.403839 	 353.095490 	 -82.087318 	
55 	 217.013885 	 405.754303 	 -82.711449 	
56 	 186.011902 	 467.892853 	 -83.319710 	
57 	 158.361496 	 542.900574 	 -83.973267 	
58 	 135.216339 	 628.464844 	 -84.645950 	
59 	 117.187500 	 718.196411 	 -85.237228 	
