IMPEDANCE MEASUREMENT 
11:18:37.561 AM 2026-10-05
Chamber temperature (K): 296.08
Chamber pressure (MPa): 1.5
Description: 	Default
Driving voltage (V): 0.01
Start freq (Hz): 1E+6
Stop freq (Hz): 1E+2
# freq steps: 60
Index #	Frequency (Hz)	Impedance (ohms)	Phase (degrees)
0 	 1000078.125000 	 29.415972 	 40.362953 	
1 	 857765.625000 	 27.686132 	 36.334194 	
2 	 735703.125000 	 26.318844 	 32.364700 	
3 	 630984.375000 	 21.251993 	 22.157850 	
4 	 541171.875000 	 20.826624 	 19.089050 	
5 	 464203.125000 	 20.502121 	 16.348938 	
6 	 398109.375000 	 20.257092 	 13.887708 	
7 	 341484.375000 	 20.070704 	 11.663007 	
8 	 292921.875000 	 19.936939 	 9.702988 	
9 	 251203.140625 	 19.842855 	 7.880417 	
10 	 215484.375000 	 19.776081 	 6.257277 	
11 	 184828.125000 	 19.743160 	 4.748666 	
12 	 158578.125000 	 19.729427 	 3.370070 	
13 	 135984.375000 	 19.728416 	 2.054550 	
14 	 116671.867187 	 19.740963 	 0.835976 	
15 	 100078.125000 	 19.780010 	 -0.367141 	
16 	 85828.125000 	 19.835073 	 -1.546448 	
17 	 73640.625000 	 19.901728 	 -2.727082 	
18 	 63140.625000 	 19.993338 	 -3.939285 	
19 	 54140.625000 	 20.094290 	 -5.177345 	
20 	 46453.125000 	 20.216759 	 -6.468065 	
21 	 39890.625000 	 20.366089 	 -7.832692 	
22 	 34171.875000 	 20.546465 	 -9.310635 	
23 	 29296.875000 	 20.759014 	 -10.906351 	
24 	 25171.875000 	 21.011730 	 -12.610189 	
25 	 21609.375000 	 21.314354 	 -14.472177 	
26 	 18515.625000 	 21.677689 	 -16.550606 	
27 	 15890.625000 	 22.111362 	 -18.793699 	
28 	 13640.625000 	 22.640844 	 -21.255707 	
29 	 11671.875000 	 23.297068 	 -23.993710 	
30 	 10078.125000 	 24.061083 	 -26.770224 	
31 	 8578.125000 	 25.082846 	 -30.058838 	
32 	 7359.375488 	 26.287985 	 -33.365192 	
33 	 6328.125000 	 27.755825 	 -36.747971 	
34 	 5376.838379 	 31.298908 	 -39.414288 	
35 	 4641.543945 	 33.465324 	 -42.876213 	
36 	 3984.374756 	 36.177654 	 -46.419750 	
37 	 3421.875000 	 39.458897 	 -49.921349 	
38 	 2953.125000 	 43.217262 	 -53.138168 	
39 	 2527.573486 	 47.937626 	 -56.383804 	
40 	 2159.926514 	 53.601059 	 -59.436085 	
41 	 1847.956665 	 60.259182 	 -62.229912 	
42 	 1577.524048 	 68.175369 	 -64.864487 	
43 	 1359.375000 	 76.885033 	 -67.052620 	
44 	 1171.875000 	 86.977051 	 -69.059052 	
45 	 998.263855 	 99.599869 	 -71.010429 	
46 	 856.370239 	 113.690422 	 -72.643593 	
47 	 737.847229 	 129.520920 	 -74.105095 	
48 	 627.790161 	 149.414566 	 -75.497002 	
49 	 544.084778 	 169.682129 	 -76.591293 	
50 	 460.379456 	 197.147079 	 -77.823875 	
51 	 397.995270 	 224.891953 	 -78.765877 	
52 	 340.221771 	 259.286987 	 -79.705078 	
53 	 292.968750 	 297.114563 	 -80.552032 	
54 	 252.403839 	 340.706604 	 -81.334534 	
55 	 217.013885 	 391.404938 	 -82.112938 	
56 	 186.011902 	 451.146973 	 -82.860359 	
57 	 158.361496 	 523.172058 	 -83.685127 	
58 	 135.216339 	 605.685791 	 -84.476349 	
59 	 117.187500 	 691.561157 	 -85.257507 	
