IMPEDANCE MEASUREMENT 
3:03:05.400 PM 2026-10-05
Chamber temperature (K): 296.39
Chamber pressure (MPa): 1.48
Description: 	Default
Driving voltage (V): 0.01
Start freq (Hz): 1E+6
Stop freq (Hz): 1E+2
# freq steps: 60
Index #	Frequency (Hz)	Impedance (ohms)	Phase (degrees)
0 	 1000078.125000 	 17.195017 	 46.951172 	
1 	 857765.625000 	 15.951040 	 42.382420 	
2 	 735703.125000 	 14.961776 	 37.880516 	
3 	 630984.375000 	 14.171594 	 33.497208 	
4 	 541171.875000 	 13.573158 	 29.314960 	
5 	 464203.125000 	 13.099815 	 25.413258 	
6 	 398109.375000 	 12.739840 	 21.782057 	
7 	 341484.375000 	 12.470465 	 18.399765 	
8 	 292921.875000 	 12.270679 	 15.318263 	
9 	 251203.140625 	 12.129704 	 12.488871 	
10 	 215484.375000 	 12.028821 	 9.861363 	
11 	 184828.125000 	 11.966166 	 7.452166 	
12 	 158578.125000 	 11.936161 	 5.205026 	
13 	 135984.375000 	 11.924565 	 3.094472 	
14 	 116671.867187 	 11.946564 	 1.068172 	
15 	 100078.125000 	 11.978256 	 -0.869192 	
16 	 85828.125000 	 12.035131 	 -2.778554 	
17 	 73640.625000 	 12.113614 	 -4.685952 	
18 	 63140.625000 	 12.212008 	 -6.625115 	
19 	 54140.625000 	 12.337821 	 -8.589413 	
20 	 46453.125000 	 12.489341 	 -10.636341 	
21 	 39890.625000 	 12.673550 	 -12.769409 	
22 	 34171.875000 	 12.897858 	 -15.040501 	
23 	 29296.875000 	 13.169119 	 -17.440855 	
24 	 25171.875000 	 13.485279 	 -19.941713 	
25 	 21609.375000 	 13.871467 	 -22.646963 	
26 	 18515.625000 	 14.342852 	 -25.570246 	
27 	 15890.625000 	 14.906366 	 -28.627287 	
28 	 13640.625000 	 15.593657 	 -31.835249 	
29 	 11671.875000 	 16.445930 	 -35.291203 	
30 	 10078.125000 	 17.421783 	 -38.610447 	
31 	 8578.125000 	 18.719770 	 -42.317001 	
32 	 7359.375488 	 20.218359 	 -45.829918 	
33 	 6328.125000 	 21.996408 	 -49.207611 	
34 	 5376.838379 	 24.292692 	 -52.764118 	
35 	 4641.543945 	 26.768093 	 -55.807060 	
36 	 3984.374756 	 31.072077 	 -58.558800 	
37 	 3421.875000 	 34.763214 	 -61.301094 	
38 	 2953.125000 	 38.943729 	 -63.738163 	
39 	 2527.573486 	 44.083912 	 -66.082169 	
40 	 2159.926514 	 50.147972 	 -68.201683 	
41 	 1847.956665 	 57.151226 	 -70.115700 	
42 	 1577.524048 	 65.445213 	 -71.812141 	
43 	 1359.375000 	 74.455414 	 -73.255539 	
44 	 1171.875000 	 84.735794 	 -74.512756 	
45 	 998.263855 	 97.639648 	 -75.795746 	
46 	 856.370239 	 112.082146 	 -76.841858 	
47 	 737.847229 	 127.989281 	 -77.817200 	
48 	 627.790161 	 148.030075 	 -78.751060 	
49 	 544.084778 	 168.365601 	 -79.471794 	
50 	 460.379456 	 196.243439 	 -80.269905 	
51 	 397.995270 	 224.110977 	 -80.935883 	
52 	 340.221771 	 258.656128 	 -81.612427 	
53 	 292.968750 	 296.669769 	 -82.243599 	
54 	 252.403839 	 340.428253 	 -82.853340 	
55 	 217.013885 	 391.189331 	 -83.476219 	
56 	 186.011902 	 450.917969 	 -84.107689 	
57 	 158.361496 	 523.508789 	 -84.818123 	
58 	 135.216339 	 606.447876 	 -85.552956 	
59 	 117.187500 	 692.957153 	 -86.310715 	
