IMPEDANCE MEASUREMENT 
11:17:42.543 AM 2026-10-05
Chamber temperature (K): 296.08
Chamber pressure (MPa): 1.57
Description: 	Default
Driving voltage (V): 0.01
Start freq (Hz): 1E+6
Stop freq (Hz): 1E+2
# freq steps: 60
Index #	Frequency (Hz)	Impedance (ohms)	Phase (degrees)
0 	 1000078.125000 	 28.820389 	 41.022057 	
1 	 857765.625000 	 27.105968 	 36.854969 	
2 	 735703.125000 	 21.388830 	 25.955425 	
3 	 630984.375000 	 20.813686 	 22.546780 	
4 	 541171.875000 	 20.378096 	 19.480183 	
5 	 464203.125000 	 20.052765 	 16.691645 	
6 	 398109.375000 	 19.800684 	 14.200039 	
7 	 341484.375000 	 19.611883 	 11.924486 	
8 	 292921.875000 	 19.475224 	 9.909003 	
9 	 251203.140625 	 19.378510 	 8.055115 	
10 	 215484.375000 	 19.309929 	 6.380655 	
11 	 184828.125000 	 19.273397 	 4.855327 	
12 	 158578.125000 	 19.248474 	 3.445482 	
13 	 135984.375000 	 19.255398 	 2.102221 	
14 	 116671.867187 	 19.272503 	 0.842187 	
15 	 100078.125000 	 19.324034 	 -0.373766 	
16 	 85828.125000 	 19.385046 	 -1.584934 	
17 	 73640.625000 	 19.467270 	 -2.792494 	
18 	 63140.625000 	 19.576223 	 -4.010683 	
19 	 54140.625000 	 19.699694 	 -5.275188 	
20 	 46453.125000 	 19.831154 	 -6.608077 	
21 	 39890.625000 	 19.975800 	 -7.998562 	
22 	 34171.875000 	 20.131855 	 -9.524743 	
23 	 29296.875000 	 20.330109 	 -11.157197 	
24 	 25171.875000 	 20.572283 	 -12.883415 	
25 	 21609.375000 	 20.892246 	 -14.790770 	
26 	 18515.625000 	 21.273193 	 -16.888010 	
27 	 15890.625000 	 21.722773 	 -19.164858 	
28 	 13640.625000 	 22.292013 	 -21.625767 	
29 	 11671.875000 	 23.077866 	 -24.237402 	
30 	 10078.125000 	 23.977970 	 -26.878178 	
31 	 8578.125000 	 24.995487 	 -30.193531 	
32 	 7359.375488 	 26.286577 	 -33.390205 	
33 	 6328.125000 	 27.746109 	 -36.782894 	
34 	 5376.838379 	 31.277517 	 -39.459743 	
35 	 4641.543945 	 33.435211 	 -42.914932 	
36 	 3984.374756 	 36.135490 	 -46.538048 	
37 	 3421.875000 	 39.389526 	 -50.056286 	
38 	 2953.125000 	 43.148426 	 -53.316006 	
39 	 2527.573486 	 47.875511 	 -56.541649 	
40 	 2159.926514 	 53.530846 	 -59.613590 	
41 	 1847.956665 	 60.191288 	 -62.409702 	
42 	 1577.524048 	 68.100525 	 -64.995850 	
43 	 1359.375000 	 76.834045 	 -67.223869 	
44 	 1171.875000 	 86.912682 	 -69.230560 	
45 	 998.263855 	 99.605637 	 -71.132881 	
46 	 856.370239 	 113.711380 	 -72.758980 	
47 	 737.847229 	 129.482300 	 -74.189209 	
48 	 627.790161 	 149.401688 	 -75.574280 	
49 	 544.084778 	 169.826447 	 -76.720528 	
50 	 460.379456 	 197.200500 	 -77.895714 	
51 	 397.995270 	 224.942062 	 -78.832130 	
52 	 340.221771 	 259.374176 	 -79.771683 	
53 	 292.968750 	 297.263123 	 -80.594063 	
54 	 252.403839 	 340.795471 	 -81.389687 	
55 	 217.013885 	 391.520477 	 -82.153908 	
56 	 186.011902 	 451.242554 	 -82.936111 	
57 	 158.361496 	 523.406006 	 -83.715775 	
58 	 135.216339 	 605.945557 	 -84.536240 	
59 	 117.187500 	 691.881714 	 -85.286667 	
