IMPEDANCE MEASUREMENT 
1:48:51.993 PM 2026-10-05
Chamber temperature (K): 296.27
Chamber pressure (MPa): 1.53
Description: 	Default
Driving voltage (V): 0.01
Start freq (Hz): 1E+6
Stop freq (Hz): 1E+2
# freq steps: 60
Index #	Frequency (Hz)	Impedance (ohms)	Phase (degrees)
0 	 1000078.125000 	 29.101686 	 51.463451 	
1 	 857765.625000 	 26.259754 	 47.610580 	
2 	 735703.125000 	 18.292526 	 29.773481 	
3 	 630984.375000 	 18.023907 	 27.980961 	
4 	 541171.875000 	 17.455317 	 24.284084 	
5 	 464203.125000 	 17.023500 	 20.913517 	
6 	 398109.375000 	 16.693096 	 17.803698 	
7 	 341484.375000 	 16.449080 	 15.030043 	
8 	 292921.875000 	 16.272182 	 12.483396 	
9 	 251203.140625 	 16.144049 	 10.142949 	
10 	 215484.375000 	 16.055990 	 8.050619 	
11 	 184828.125000 	 16.007231 	 6.125206 	
12 	 158578.125000 	 15.972299 	 4.340498 	
13 	 135984.375000 	 15.963810 	 2.656850 	
14 	 116671.867187 	 15.979356 	 1.049572 	
15 	 100078.125000 	 16.017216 	 -0.478441 	
16 	 85828.125000 	 16.065777 	 -2.006696 	
17 	 73640.625000 	 16.137312 	 -3.529266 	
18 	 63140.625000 	 16.234022 	 -5.070368 	
19 	 54140.625000 	 16.347673 	 -6.662436 	
20 	 46453.125000 	 16.488859 	 -8.318472 	
21 	 39890.625000 	 16.664248 	 -10.044923 	
22 	 34171.875000 	 16.877512 	 -11.896916 	
23 	 29296.875000 	 17.123846 	 -13.879557 	
24 	 25171.875000 	 17.427372 	 -15.978650 	
25 	 21609.375000 	 17.785746 	 -18.245804 	
26 	 18515.625000 	 18.219503 	 -20.718254 	
27 	 15890.625000 	 18.741053 	 -23.376713 	
28 	 13640.625000 	 19.370564 	 -26.200710 	
29 	 11671.875000 	 20.151388 	 -29.289471 	
30 	 10078.125000 	 21.041983 	 -32.383862 	
31 	 8578.125000 	 22.241932 	 -35.929390 	
32 	 7359.375488 	 23.636467 	 -39.445580 	
33 	 6328.125000 	 25.307718 	 -42.955021 	
34 	 5376.838379 	 27.510649 	 -46.710049 	
35 	 4641.543945 	 30.844143 	 -49.713253 	
36 	 3984.374756 	 33.883556 	 -53.088184 	
37 	 3421.875000 	 37.503796 	 -56.291195 	
38 	 2953.125000 	 41.639507 	 -59.161797 	
39 	 2527.573486 	 46.758011 	 -61.996025 	
40 	 2159.926514 	 52.859222 	 -64.586205 	
41 	 1847.956665 	 59.945660 	 -66.943626 	
42 	 1577.524048 	 68.353378 	 -69.065063 	
43 	 1359.375000 	 77.555313 	 -70.879211 	
44 	 1171.875000 	 88.177010 	 -72.434090 	
45 	 998.263855 	 101.453629 	 -73.989944 	
46 	 856.370239 	 116.260475 	 -75.305061 	
47 	 737.847229 	 132.841064 	 -76.442062 	
48 	 627.790161 	 153.451935 	 -77.577110 	
49 	 544.084778 	 174.801178 	 -78.480530 	
50 	 460.379456 	 203.389877 	 -79.333755 	
51 	 397.995270 	 232.275574 	 -80.079964 	
52 	 340.221771 	 268.129913 	 -80.822388 	
53 	 292.968750 	 307.792786 	 -81.483528 	
54 	 252.403839 	 353.071411 	 -82.121246 	
55 	 217.013885 	 405.893127 	 -82.736137 	
56 	 186.011902 	 467.803864 	 -83.354729 	
57 	 158.361496 	 543.174011 	 -83.992249 	
58 	 135.216339 	 628.813538 	 -84.681236 	
59 	 117.187500 	 718.075562 	 -85.255684 	
