IMPEDANCE MEASUREMENT 
3:30:24.883 PM 2026-10-05
Chamber temperature (K): 296.42
Chamber pressure (MPa): 1.41
Description: 	Default
Driving voltage (V): 0.01
Start freq (Hz): 1E+6
Stop freq (Hz): 1E+2
# freq steps: 60
Index #	Frequency (Hz)	Impedance (ohms)	Phase (degrees)
0 	 1000078.125000 	 17.946346 	 44.240971 	
1 	 857765.625000 	 16.759693 	 39.694016 	
2 	 735703.125000 	 15.826266 	 35.332176 	
3 	 630984.375000 	 15.090721 	 31.093721 	
4 	 541171.875000 	 14.523238 	 27.110741 	
5 	 464203.125000 	 14.088503 	 23.413790 	
6 	 398109.375000 	 13.756680 	 20.006367 	
7 	 341484.375000 	 13.505147 	 16.841690 	
8 	 292921.875000 	 13.322204 	 13.971404 	
9 	 251203.140625 	 13.189464 	 11.346045 	
10 	 215484.375000 	 13.101695 	 8.931721 	
11 	 184828.125000 	 13.043414 	 6.723897 	
12 	 158578.125000 	 13.018391 	 4.639387 	
13 	 135984.375000 	 13.010061 	 2.692277 	
14 	 116671.867187 	 13.030860 	 0.822294 	
15 	 100078.125000 	 13.068956 	 -0.974670 	
16 	 85828.125000 	 13.125918 	 -2.754287 	
17 	 73640.625000 	 13.205622 	 -4.530995 	
18 	 63140.625000 	 13.303568 	 -6.334974 	
19 	 54140.625000 	 13.428911 	 -8.204224 	
20 	 46453.125000 	 13.581481 	 -10.130541 	
21 	 39890.625000 	 13.764225 	 -12.139477 	
22 	 34171.875000 	 13.990094 	 -14.290283 	
23 	 29296.875000 	 14.261445 	 -16.581020 	
24 	 25171.875000 	 14.579184 	 -18.969807 	
25 	 21609.375000 	 14.965161 	 -21.563148 	
26 	 18515.625000 	 15.433740 	 -24.371469 	
27 	 15890.625000 	 15.994513 	 -27.342703 	
28 	 13640.625000 	 16.677551 	 -30.464262 	
29 	 11671.875000 	 17.531017 	 -33.831539 	
30 	 10078.125000 	 18.501059 	 -37.137562 	
31 	 8578.125000 	 19.799093 	 -40.808887 	
32 	 7359.375488 	 21.303604 	 -44.343979 	
33 	 6328.125000 	 23.086668 	 -47.801357 	
34 	 5376.838379 	 25.416391 	 -51.413654 	
35 	 4641.543945 	 27.923588 	 -54.532871 	
36 	 3984.374756 	 32.205246 	 -57.432758 	
37 	 3421.875000 	 35.943661 	 -60.253246 	
38 	 2953.125000 	 40.197826 	 -62.819931 	
39 	 2527.573486 	 45.430889 	 -65.264915 	
40 	 2159.926514 	 51.621506 	 -67.489792 	
41 	 1847.956665 	 58.819214 	 -69.474739 	
42 	 1577.524048 	 67.315842 	 -71.271866 	
43 	 1359.375000 	 76.559181 	 -72.792633 	
44 	 1171.875000 	 87.110847 	 -74.159058 	
45 	 998.263855 	 100.365395 	 -75.465073 	
46 	 856.370239 	 115.184349 	 -76.578102 	
47 	 737.847229 	 131.531631 	 -77.524002 	
48 	 627.790161 	 152.251877 	 -78.472290 	
49 	 544.084778 	 173.030685 	 -79.262657 	
50 	 460.379456 	 201.583176 	 -80.057510 	
51 	 397.995270 	 230.199936 	 -80.726234 	
52 	 340.221771 	 265.700531 	 -81.412224 	
53 	 292.968750 	 304.772797 	 -82.035706 	
54 	 252.403839 	 349.659424 	 -82.641426 	
55 	 217.013885 	 401.779572 	 -83.255447 	
56 	 186.011902 	 463.242828 	 -83.895287 	
57 	 158.361496 	 537.673767 	 -84.597733 	
58 	 135.216339 	 622.346130 	 -85.286713 	
59 	 117.187500 	 710.967285 	 -85.934471 	
