IMPEDANCE MEASUREMENT 
1:50:42.473 PM 2026-10-05
Chamber temperature (K): 296.28
Chamber pressure (MPa): 2.52
Description: 	Default
Driving voltage (V): 0.01
Start freq (Hz): 1E+6
Stop freq (Hz): 1E+2
# freq steps: 60
Index #	Frequency (Hz)	Impedance (ohms)	Phase (degrees)
0 	 1000078.125000 	 29.104687 	 51.512291 	
1 	 857765.625000 	 26.293367 	 47.709084 	
2 	 735703.125000 	 18.755358 	 31.978487 	
3 	 630984.375000 	 18.015303 	 27.993126 	
4 	 541171.875000 	 17.446270 	 24.310335 	
5 	 464203.125000 	 17.016090 	 20.917620 	
6 	 398109.375000 	 16.688896 	 17.817036 	
7 	 341484.375000 	 16.446318 	 15.004558 	
8 	 292921.875000 	 16.265415 	 12.459552 	
9 	 251203.140625 	 16.140198 	 10.158001 	
10 	 215484.375000 	 16.057590 	 8.043537 	
11 	 184828.125000 	 15.994088 	 6.106391 	
12 	 158578.125000 	 15.969872 	 4.319489 	
13 	 135984.375000 	 15.962123 	 2.653383 	
14 	 116671.867187 	 15.984159 	 1.070189 	
15 	 100078.125000 	 16.016752 	 -0.475509 	
16 	 85828.125000 	 16.068207 	 -2.016850 	
17 	 73640.625000 	 16.139053 	 -3.522252 	
18 	 63140.625000 	 16.230793 	 -5.069363 	
19 	 54140.625000 	 16.347866 	 -6.664075 	
20 	 46453.125000 	 16.490875 	 -8.329639 	
21 	 39890.625000 	 16.664598 	 -10.037201 	
22 	 34171.875000 	 16.871588 	 -11.896333 	
23 	 29296.875000 	 17.131550 	 -13.886229 	
24 	 25171.875000 	 17.424530 	 -15.966050 	
25 	 21609.375000 	 17.787710 	 -18.238903 	
26 	 18515.625000 	 18.221760 	 -20.716356 	
27 	 15890.625000 	 18.741083 	 -23.365147 	
28 	 13640.625000 	 19.368507 	 -26.199026 	
29 	 11671.875000 	 20.149277 	 -29.294189 	
30 	 10078.125000 	 21.037058 	 -32.375763 	
31 	 8578.125000 	 22.236166 	 -35.928188 	
32 	 7359.375488 	 23.635527 	 -39.409264 	
33 	 6328.125000 	 25.298687 	 -42.926266 	
34 	 5376.838379 	 27.494431 	 -46.693127 	
35 	 4641.543945 	 30.835522 	 -49.716812 	
36 	 3984.374756 	 33.882633 	 -53.067825 	
37 	 3421.875000 	 37.480705 	 -56.251606 	
38 	 2953.125000 	 41.602940 	 -59.157925 	
39 	 2527.573486 	 46.740326 	 -62.008900 	
40 	 2159.926514 	 52.816051 	 -64.564690 	
41 	 1847.956665 	 59.932156 	 -66.913567 	
42 	 1577.524048 	 68.351677 	 -69.030830 	
43 	 1359.375000 	 77.552887 	 -70.831245 	
44 	 1171.875000 	 88.149574 	 -72.446091 	
45 	 998.263855 	 101.393913 	 -73.968895 	
46 	 856.370239 	 116.278259 	 -75.340927 	
47 	 737.847229 	 132.746506 	 -76.447388 	
48 	 627.790161 	 153.462051 	 -77.533272 	
49 	 544.084778 	 174.550430 	 -78.471886 	
50 	 460.379456 	 203.261917 	 -79.335075 	
51 	 397.995270 	 232.163666 	 -80.077446 	
52 	 340.221771 	 267.987610 	 -80.814972 	
53 	 292.968750 	 307.659393 	 -81.488419 	
54 	 252.403839 	 352.909973 	 -82.113235 	
55 	 217.013885 	 405.526978 	 -82.727158 	
56 	 186.011902 	 467.523682 	 -83.347977 	
57 	 158.361496 	 542.705933 	 -84.017784 	
58 	 135.216339 	 628.198975 	 -84.662895 	
59 	 117.187500 	 717.576843 	 -85.307121 	
