IMPEDANCE MEASUREMENT 
2:36:12.865 PM 2026-10-05
Chamber temperature (K): 296.35
Chamber pressure (MPa): 1.72
Description: 	Default
Driving voltage (V): 0.01
Start freq (Hz): 1E+6
Stop freq (Hz): 1E+2
# freq steps: 60
Index #	Frequency (Hz)	Impedance (ohms)	Phase (degrees)
0 	 1000078.125000 	 26.886585 	 57.147972 	
1 	 857765.625000 	 17.335772 	 41.769760 	
2 	 735703.125000 	 16.266655 	 37.290524 	
3 	 630984.375000 	 15.419833 	 32.944042 	
4 	 541171.875000 	 14.780625 	 28.856247 	
5 	 464203.125000 	 14.280499 	 24.966461 	
6 	 398109.375000 	 13.903190 	 21.383545 	
7 	 341484.375000 	 13.621685 	 18.104952 	
8 	 292921.875000 	 13.414520 	 15.075376 	
9 	 251203.140625 	 13.260955 	 12.335610 	
10 	 215484.375000 	 13.159191 	 9.817039 	
11 	 184828.125000 	 13.088841 	 7.473201 	
12 	 158578.125000 	 13.054934 	 5.323841 	
13 	 135984.375000 	 13.048038 	 3.302893 	
14 	 116671.867187 	 13.058267 	 1.374965 	
15 	 100078.125000 	 13.091660 	 -0.461841 	
16 	 85828.125000 	 13.142468 	 -2.279289 	
17 	 73640.625000 	 13.220567 	 -4.073620 	
18 	 63140.625000 	 13.313560 	 -5.911792 	
19 	 54140.625000 	 13.437866 	 -7.794273 	
20 	 46453.125000 	 13.585774 	 -9.722915 	
21 	 39890.625000 	 13.762361 	 -11.719371 	
22 	 34171.875000 	 13.984249 	 -13.859203 	
23 	 29296.875000 	 14.245466 	 -16.130985 	
24 	 25171.875000 	 14.554556 	 -18.530527 	
25 	 21609.375000 	 14.929649 	 -21.093195 	
26 	 18515.625000 	 15.383033 	 -23.884653 	
27 	 15890.625000 	 15.928893 	 -26.807678 	
28 	 13640.625000 	 16.595713 	 -29.935423 	
29 	 11671.875000 	 17.417908 	 -33.273846 	
30 	 10078.125000 	 18.362766 	 -36.550613 	
31 	 8578.125000 	 19.626331 	 -40.227486 	
32 	 7359.375488 	 21.091814 	 -43.781624 	
33 	 6328.125000 	 22.814314 	 -47.206154 	
34 	 5376.838379 	 25.079876 	 -50.859501 	
35 	 4641.543945 	 27.525608 	 -54.039642 	
36 	 3984.374756 	 31.698574 	 -56.831993 	
37 	 3421.875000 	 35.371521 	 -59.754757 	
38 	 2953.125000 	 39.507301 	 -62.335449 	
39 	 2527.573486 	 44.626492 	 -64.828354 	
