IMPEDANCE MEASUREMENT 
3:28:12.761 PM 2026-10-05
Chamber temperature (K): 296.42
Chamber pressure (MPa): 1.5
Description: 	Default
Driving voltage (V): 0.01
Start freq (Hz): 1E+6
Stop freq (Hz): 1E+2
# freq steps: 60
Index #	Frequency (Hz)	Impedance (ohms)	Phase (degrees)
0 	 1000078.125000 	 17.941130 	 44.246113 	
1 	 857765.625000 	 16.755827 	 39.718479 	
2 	 735703.125000 	 15.825344 	 35.337215 	
3 	 630984.375000 	 15.090560 	 31.117821 	
4 	 541171.875000 	 14.518835 	 27.136959 	
5 	 464203.125000 	 14.075472 	 23.433657 	
6 	 398109.375000 	 13.746002 	 20.000734 	
7 	 341484.375000 	 13.500142 	 16.877018 	
8 	 292921.875000 	 13.314986 	 13.986259 	
9 	 251203.140625 	 13.182546 	 11.352014 	
10 	 215484.375000 	 13.094273 	 8.940048 	
11 	 184828.125000 	 13.035722 	 6.720476 	
12 	 158578.125000 	 13.007475 	 4.661643 	
13 	 135984.375000 	 13.005993 	 2.700968 	
14 	 116671.867187 	 13.026390 	 0.826356 	
15 	 100078.125000 	 13.058914 	 -0.968802 	
16 	 85828.125000 	 13.116989 	 -2.751399 	
17 	 73640.625000 	 13.194183 	 -4.544806 	
18 	 63140.625000 	 13.297108 	 -6.347317 	
19 	 54140.625000 	 13.423738 	 -8.216949 	
20 	 46453.125000 	 13.575787 	 -10.127575 	
21 	 39890.625000 	 13.761996 	 -12.144093 	
22 	 34171.875000 	 13.985088 	 -14.303236 	
23 	 29296.875000 	 14.256780 	 -16.595280 	
24 	 25171.875000 	 14.575684 	 -19.002918 	
25 	 21609.375000 	 14.959171 	 -21.585142 	
26 	 18515.625000 	 15.425159 	 -24.395149 	
27 	 15890.625000 	 15.992007 	 -27.354307 	
28 	 13640.625000 	 16.672628 	 -30.495949 	
29 	 11671.875000 	 17.521629 	 -33.871498 	
30 	 10078.125000 	 18.495417 	 -37.156338 	
31 	 8578.125000 	 19.795424 	 -40.828606 	
32 	 7359.375488 	 21.301933 	 -44.381161 	
33 	 6328.125000 	 23.089558 	 -47.835449 	
34 	 5376.838379 	 25.419968 	 -51.446838 	
35 	 4641.543945 	 27.925692 	 -54.567364 	
36 	 3984.374756 	 32.207329 	 -57.441887 	
37 	 3421.875000 	 35.975075 	 -60.288387 	
38 	 2953.125000 	 40.210205 	 -62.825775 	
39 	 2527.573486 	 45.444305 	 -65.288277 	
40 	 2159.926514 	 51.670647 	 -67.513336 	
41 	 1847.956665 	 58.844513 	 -69.502296 	
42 	 1577.524048 	 67.309250 	 -71.290398 	
43 	 1359.375000 	 76.585335 	 -72.798508 	
44 	 1171.875000 	 87.193214 	 -74.129494 	
45 	 998.263855 	 100.409599 	 -75.456337 	
46 	 856.370239 	 115.126350 	 -76.591415 	
47 	 737.847229 	 131.627167 	 -77.477798 	
48 	 627.790161 	 152.263382 	 -78.425468 	
49 	 544.084778 	 173.300003 	 -79.270416 	
50 	 460.379456 	 201.734451 	 -80.058205 	
51 	 397.995270 	 230.371216 	 -80.730042 	
52 	 340.221771 	 265.865295 	 -81.413574 	
53 	 292.968750 	 304.949127 	 -82.032982 	
54 	 252.403839 	 349.857300 	 -82.644272 	
55 	 217.013885 	 402.229675 	 -83.260628 	
56 	 186.011902 	 463.684418 	 -83.896103 	
57 	 158.361496 	 538.074585 	 -84.573395 	
58 	 135.216339 	 623.208435 	 -85.288200 	
59 	 117.187500 	 711.377197 	 -85.938911 	
