IMPEDANCE MEASUREMENT 
3:27:17.365 PM 2026-10-05
Chamber temperature (K): 296.42
Chamber pressure (MPa): 1.67
Description: 	Default
Driving voltage (V): 0.01
Start freq (Hz): 1E+6
Stop freq (Hz): 1E+2
# freq steps: 60
Index #	Frequency (Hz)	Impedance (ohms)	Phase (degrees)
0 	 1000078.125000 	 17.936504 	 44.270279 	
1 	 857765.625000 	 16.753626 	 39.739243 	
2 	 735703.125000 	 15.819030 	 35.343754 	
3 	 630984.375000 	 15.077894 	 31.108719 	
4 	 541171.875000 	 14.512589 	 27.138571 	
5 	 464203.125000 	 14.071047 	 23.417795 	
6 	 398109.375000 	 13.739664 	 20.017305 	
7 	 341484.375000 	 13.492771 	 16.866249 	
8 	 292921.875000 	 13.312652 	 13.987916 	
9 	 251203.140625 	 13.176491 	 11.366536 	
10 	 215484.375000 	 13.087656 	 8.959711 	
11 	 184828.125000 	 13.031603 	 6.726070 	
12 	 158578.125000 	 13.002085 	 4.652097 	
13 	 135984.375000 	 12.999926 	 2.697674 	
14 	 116671.867187 	 13.015645 	 0.823720 	
15 	 100078.125000 	 13.056171 	 -0.982331 	
16 	 85828.125000 	 13.112729 	 -2.770232 	
17 	 73640.625000 	 13.191028 	 -4.552262 	
18 	 63140.625000 	 13.290424 	 -6.355993 	
19 	 54140.625000 	 13.415435 	 -8.213269 	
20 	 46453.125000 	 13.569498 	 -10.140471 	
21 	 39890.625000 	 13.755061 	 -12.154054 	
22 	 34171.875000 	 13.982241 	 -14.320809 	
23 	 29296.875000 	 14.249530 	 -16.607376 	
24 	 25171.875000 	 14.566900 	 -19.013046 	
25 	 21609.375000 	 14.954823 	 -21.607605 	
26 	 18515.625000 	 15.421427 	 -24.406359 	
27 	 15890.625000 	 15.987794 	 -27.375824 	
28 	 13640.625000 	 16.670031 	 -30.519508 	
29 	 11671.875000 	 17.522795 	 -33.891594 	
30 	 10078.125000 	 18.498238 	 -37.184299 	
31 	 8578.125000 	 19.795528 	 -40.867950 	
32 	 7359.375488 	 21.304970 	 -44.395630 	
33 	 6328.125000 	 23.086565 	 -47.863400 	
34 	 5376.838379 	 25.421448 	 -51.457153 	
35 	 4641.543945 	 27.940237 	 -54.588608 	
36 	 3984.374756 	 32.227386 	 -57.468876 	
37 	 3421.875000 	 35.980595 	 -60.317326 	
38 	 2953.125000 	 40.208439 	 -62.865845 	
39 	 2527.573486 	 45.472900 	 -65.296494 	
40 	 2159.926514 	 51.679039 	 -67.528008 	
41 	 1847.956665 	 58.838623 	 -69.516846 	
42 	 1577.524048 	 67.358505 	 -71.307732 	
43 	 1359.375000 	 76.603531 	 -72.809105 	
44 	 1171.875000 	 87.209732 	 -74.166504 	
45 	 998.263855 	 100.498177 	 -75.525177 	
46 	 856.370239 	 115.237823 	 -76.569756 	
47 	 737.847229 	 131.748825 	 -77.511559 	
48 	 627.790161 	 152.494019 	 -78.513916 	
49 	 544.084778 	 173.556061 	 -79.277771 	
50 	 460.379456 	 201.794113 	 -80.062378 	
51 	 397.995270 	 230.441940 	 -80.726372 	
52 	 340.221771 	 265.972321 	 -81.408974 	
53 	 292.968750 	 305.027252 	 -82.031792 	
54 	 252.403839 	 350.074158 	 -82.647858 	
55 	 217.013885 	 402.314209 	 -83.246735 	
56 	 186.011902 	 463.948181 	 -83.875610 	
57 	 158.361496 	 538.281555 	 -84.571861 	
58 	 135.216339 	 623.420410 	 -85.283913 	
59 	 117.187500 	 711.589111 	 -86.000404 	
