IMPEDANCE MEASUREMENT 
9:55:54.421 AM 2026-10-08
Chamber temperature (K): 295.96
Chamber pressure (MPa): 25.74
Description: 	Default
Driving voltage (V): 0.01
Start freq (Hz): 1E+6
Stop freq (Hz): 1E+2
# freq steps: 60
Index #	Frequency (Hz)	Impedance (ohms)	Phase (degrees)
0 	 1000078.125000 	 19.651861 	 33.861622 	
1 	 857765.625000 	 18.785990 	 29.911846 	
2 	 735703.125000 	 18.132471 	 26.222380 	
3 	 630984.375000 	 17.608080 	 22.830631 	
4 	 541171.875000 	 17.219891 	 19.707285 	
5 	 464203.125000 	 16.911966 	 16.840780 	
6 	 398109.375000 	 16.685240 	 14.285691 	
7 	 341484.375000 	 16.514084 	 11.932192 	
8 	 292921.875000 	 16.388718 	 9.831128 	
9 	 251203.140625 	 16.292942 	 7.904445 	
10 	 215484.375000 	 16.242491 	 6.158335 	
11 	 184828.125000 	 16.209736 	 4.538167 	
12 	 158578.125000 	 16.189215 	 3.031224 	
13 	 135984.375000 	 16.190456 	 1.588864 	
14 	 116671.867187 	 16.204176 	 0.216674 	
15 	 100078.125000 	 16.237003 	 -1.152433 	
16 	 85828.125000 	 16.281845 	 -2.493202 	
17 	 73640.625000 	 16.340986 	 -3.879295 	
18 	 63140.625000 	 16.426653 	 -5.292076 	
19 	 54140.625000 	 16.528093 	 -6.783695 	
20 	 46453.125000 	 16.653172 	 -8.357412 	
21 	 39890.625000 	 16.806957 	 -10.015073 	
22 	 34171.875000 	 16.998837 	 -11.830474 	
23 	 29296.875000 	 17.222923 	 -13.785107 	
24 	 25171.875000 	 17.500216 	 -15.886172 	
25 	 21609.375000 	 17.832893 	 -18.183115 	
26 	 18515.625000 	 18.245432 	 -20.695032 	
27 	 15890.625000 	 18.737694 	 -23.415958 	
28 	 13640.625000 	 19.344576 	 -26.337080 	
29 	 11671.875000 	 20.104626 	 -29.586855 	
30 	 10078.125000 	 20.988302 	 -32.822258 	
31 	 8578.125000 	 22.188194 	 -36.560371 	
32 	 7359.375488 	 23.594053 	 -40.259396 	
33 	 6328.125000 	 25.300041 	 -43.959564 	
34 	 5376.838379 	 27.572506 	 -47.917984 	
35 	 4641.543945 	 30.080032 	 -51.249184 	
36 	 3984.374756 	 33.164024 	 -54.786354 	
37 	 3421.875000 	 36.881325 	 -58.090015 	
38 	 2953.125000 	 41.090633 	 -61.080204 	
39 	 2527.573486 	 46.403511 	 -63.978352 	
40 	 2159.926514 	 52.718384 	 -66.561584 	
41 	 1847.956665 	 60.124168 	 -68.914650 	
42 	 1577.524048 	 68.873161 	 -70.994965 	
43 	 1359.375000 	 78.543823 	 -72.753571 	
44 	 1171.875000 	 89.635605 	 -74.223213 	
45 	 998.263855 	 103.662918 	 -75.711555 	
46 	 856.370239 	 119.065804 	 -76.870506 	
47 	 737.847229 	 136.623260 	 -77.942192 	
48 	 627.790161 	 158.407669 	 -78.948944 	
49 	 544.084778 	 181.163818 	 -79.580994 	
50 	 460.379456 	 211.478790 	 -80.344757 	
51 	 397.995270 	 242.255508 	 -80.895950 	
52 	 340.221771 	 280.528595 	 -81.407021 	
53 	 292.968750 	 322.309235 	 -81.622086 	
54 	 252.403839 	 370.677979 	 -82.000717 	
55 	 217.013885 	 427.179138 	 -82.326447 	
56 	 186.011902 	 493.668182 	 -82.604080 	
57 	 158.361496 	 574.080322 	 -82.846481 	
58 	 135.216339 	 665.924927 	 -83.039307 	
59 	 117.187500 	 761.611511 	 -83.179062 	
