IMPEDANCE MEASUREMENT 
9:21:00.398 AM 2026-10-08
Chamber temperature (K): 295.97
Chamber pressure (MPa): 57.53
Description: 	Default
Driving voltage (V): 0.01
Start freq (Hz): 1E+6
Stop freq (Hz): 1E+2
# freq steps: 60
Index #	Frequency (Hz)	Impedance (ohms)	Phase (degrees)
0 	 1000078.125000 	 19.422962 	 34.282997 	
1 	 857765.625000 	 18.558224 	 30.354532 	
2 	 735703.125000 	 17.878748 	 26.634729 	
3 	 630984.375000 	 17.352427 	 23.174101 	
4 	 541171.875000 	 16.955942 	 20.007591 	
5 	 464203.125000 	 16.647795 	 17.138317 	
6 	 398109.375000 	 16.413460 	 14.533925 	
7 	 341484.375000 	 16.238609 	 12.124842 	
8 	 292921.875000 	 16.115278 	 10.013207 	
9 	 251203.140625 	 16.027849 	 8.087385 	
10 	 215484.375000 	 15.961118 	 6.258263 	
11 	 184828.125000 	 15.925247 	 4.645977 	
12 	 158578.125000 	 15.901535 	 3.092079 	
13 	 135984.375000 	 15.910277 	 1.644764 	
14 	 116671.867187 	 15.922372 	 0.231945 	
15 	 100078.125000 	 15.948383 	 -1.129845 	
16 	 85828.125000 	 15.995591 	 -2.506854 	
17 	 73640.625000 	 16.054705 	 -3.911318 	
18 	 63140.625000 	 16.137400 	 -5.343637 	
19 	 54140.625000 	 16.240393 	 -6.848418 	
20 	 46453.125000 	 16.360312 	 -8.464665 	
21 	 39890.625000 	 16.517536 	 -10.131227 	
22 	 34171.875000 	 16.705877 	 -11.978630 	
23 	 29296.875000 	 16.934521 	 -13.960702 	
24 	 25171.875000 	 17.211073 	 -16.084707 	
25 	 21609.375000 	 17.542065 	 -18.424383 	
26 	 18515.625000 	 17.952801 	 -20.969183 	
27 	 15890.625000 	 18.453287 	 -23.728592 	
28 	 13640.625000 	 19.062864 	 -26.692673 	
29 	 11671.875000 	 19.824144 	 -29.960726 	
30 	 10078.125000 	 20.708031 	 -33.244774 	
31 	 8578.125000 	 21.913343 	 -37.012268 	
32 	 7359.375488 	 23.343571 	 -40.721191 	
33 	 6328.125000 	 25.058908 	 -44.439964 	
34 	 5376.838379 	 27.330132 	 -48.411129 	
35 	 4641.543945 	 29.852560 	 -51.725220 	
36 	 3984.374756 	 32.968369 	 -55.212425 	
37 	 3421.875000 	 36.660210 	 -58.516819 	
38 	 2953.125000 	 40.933441 	 -61.453175 	
39 	 2527.573486 	 46.235466 	 -64.326508 	
40 	 2159.926514 	 52.560146 	 -66.917107 	
41 	 1847.956665 	 59.954575 	 -69.222969 	
42 	 1577.524048 	 68.758194 	 -71.324966 	
43 	 1359.375000 	 78.393600 	 -72.986824 	
44 	 1171.875000 	 89.507538 	 -74.526894 	
45 	 998.263855 	 103.519012 	 -75.939819 	
46 	 856.370239 	 119.033806 	 -77.104973 	
47 	 737.847229 	 136.565155 	 -78.056297 	
48 	 627.790161 	 158.440750 	 -79.068352 	
49 	 544.084778 	 181.013718 	 -79.800812 	
50 	 460.379456 	 211.549591 	 -80.506393 	
51 	 397.995270 	 242.383362 	 -81.043251 	
52 	 340.221771 	 280.724243 	 -81.548576 	
53 	 292.968750 	 322.625153 	 -81.750801 	
54 	 252.403839 	 371.129059 	 -82.121292 	
55 	 217.013885 	 427.730499 	 -82.441902 	
56 	 186.011902 	 494.415161 	 -82.718475 	
57 	 158.361496 	 575.184448 	 -82.953712 	
58 	 135.216339 	 667.132751 	 -83.145996 	
59 	 117.187500 	 763.024048 	 -83.280212 	
