IMPEDANCE MEASUREMENT 
10:34:45.622 AM 2026-10-08
Chamber temperature (K): 295.98
Chamber pressure (MPa): 1.96
Description: 	Default
Driving voltage (V): 0.01
Start freq (Hz): 1E+6
Stop freq (Hz): 1E+2
# freq steps: 60
Index #	Frequency (Hz)	Impedance (ohms)	Phase (degrees)
0 	 1000078.125000 	 19.866844 	 33.417480 	
1 	 857765.625000 	 19.008558 	 29.537104 	
2 	 735703.125000 	 18.350159 	 25.878592 	
3 	 630984.375000 	 17.842583 	 22.498390 	
4 	 541171.875000 	 17.447573 	 19.391020 	
5 	 464203.125000 	 17.152735 	 16.586765 	
6 	 398109.375000 	 16.921207 	 14.060736 	
7 	 341484.375000 	 16.754965 	 11.745069 	
8 	 292921.875000 	 16.638498 	 9.652718 	
9 	 251203.140625 	 16.550066 	 7.774094 	
10 	 215484.375000 	 16.485109 	 6.043102 	
11 	 184828.125000 	 16.453362 	 4.430559 	
12 	 158578.125000 	 16.441021 	 2.938460 	
13 	 135984.375000 	 16.437113 	 1.541446 	
14 	 116671.867187 	 16.447960 	 0.152130 	
15 	 100078.125000 	 16.488821 	 -1.175886 	
16 	 85828.125000 	 16.534710 	 -2.520812 	
17 	 73640.625000 	 16.598221 	 -3.885333 	
18 	 63140.625000 	 16.679071 	 -5.287692 	
19 	 54140.625000 	 16.783545 	 -6.765886 	
20 	 46453.125000 	 16.910692 	 -8.313776 	
21 	 39890.625000 	 17.066622 	 -9.954015 	
22 	 34171.875000 	 17.258108 	 -11.766316 	
23 	 29296.875000 	 17.491089 	 -13.694898 	
24 	 25171.875000 	 17.766289 	 -15.759502 	
25 	 21609.375000 	 18.102503 	 -18.033428 	
26 	 18515.625000 	 18.515842 	 -20.535124 	
27 	 15890.625000 	 19.013168 	 -23.224714 	
28 	 13640.625000 	 19.618452 	 -26.150620 	
29 	 11671.875000 	 20.383617 	 -29.347815 	
30 	 10078.125000 	 21.263559 	 -32.561417 	
31 	 8578.125000 	 22.453253 	 -36.295216 	
32 	 7359.375488 	 23.870464 	 -39.970146 	
33 	 6328.125000 	 25.575163 	 -43.625107 	
34 	 5376.838379 	 27.845192 	 -47.606361 	
35 	 4641.543945 	 30.359119 	 -50.974812 	
36 	 3984.374756 	 33.437489 	 -54.469501 	
37 	 3421.875000 	 37.153267 	 -57.779480 	
38 	 2953.125000 	 41.405624 	 -60.802555 	
39 	 2527.573486 	 46.704468 	 -63.675457 	
40 	 2159.926514 	 53.061733 	 -66.331596 	
41 	 1847.956665 	 60.448666 	 -68.681740 	
42 	 1577.524048 	 69.281059 	 -70.792732 	
43 	 1359.375000 	 78.900307 	 -72.526924 	
44 	 1171.875000 	 90.054123 	 -74.105995 	
45 	 998.263855 	 104.044777 	 -75.560150 	
46 	 856.370239 	 119.696518 	 -76.736160 	
47 	 737.847229 	 136.913284 	 -77.790771 	
48 	 627.790161 	 159.149689 	 -78.779861 	
49 	 544.084778 	 181.654770 	 -79.441643 	
50 	 460.379456 	 212.226791 	 -80.198265 	
51 	 397.995270 	 243.051865 	 -80.748863 	
52 	 340.221771 	 281.388489 	 -81.260117 	
53 	 292.968750 	 323.245575 	 -81.483063 	
54 	 252.403839 	 371.727234 	 -81.862915 	
55 	 217.013885 	 428.211304 	 -82.188011 	
56 	 186.011902 	 494.717407 	 -82.465965 	
57 	 158.361496 	 575.306335 	 -82.703987 	
58 	 135.216339 	 667.048340 	 -82.901833 	
59 	 117.187500 	 762.684387 	 -83.039024 	
