IMPEDANCE MEASUREMENT 
9:21:54.545 AM 2026-10-08
Chamber temperature (K): 295.97
Chamber pressure (MPa): 57.84
Description: 	Default
Driving voltage (V): 0.01
Start freq (Hz): 1E+6
Stop freq (Hz): 1E+2
# freq steps: 60
Index #	Frequency (Hz)	Impedance (ohms)	Phase (degrees)
0 	 1000078.125000 	 19.422062 	 34.299202 	
1 	 857765.625000 	 18.551764 	 30.329157 	
2 	 735703.125000 	 17.880535 	 26.623081 	
3 	 630984.375000 	 17.359221 	 23.177578 	
4 	 541171.875000 	 16.947985 	 20.031906 	
5 	 464203.125000 	 16.650236 	 17.159487 	
6 	 398109.375000 	 16.413933 	 14.534332 	
7 	 341484.375000 	 16.245108 	 12.155799 	
8 	 292921.875000 	 16.112297 	 10.022868 	
9 	 251203.140625 	 16.021719 	 8.054110 	
10 	 215484.375000 	 15.961867 	 6.293186 	
11 	 184828.125000 	 15.923662 	 4.646376 	
12 	 158578.125000 	 15.905278 	 3.107651 	
13 	 135984.375000 	 15.895684 	 1.634647 	
14 	 116671.867187 	 15.917511 	 0.237520 	
15 	 100078.125000 	 15.950759 	 -1.134643 	
16 	 85828.125000 	 15.997323 	 -2.520871 	
17 	 73640.625000 	 16.056492 	 -3.909681 	
18 	 63140.625000 	 16.135704 	 -5.350848 	
19 	 54140.625000 	 16.241217 	 -6.855362 	
20 	 46453.125000 	 16.364555 	 -8.437743 	
21 	 39890.625000 	 16.517033 	 -10.126077 	
22 	 34171.875000 	 16.705467 	 -11.986506 	
23 	 29296.875000 	 16.933367 	 -13.962027 	
24 	 25171.875000 	 17.209320 	 -16.075306 	
25 	 21609.375000 	 17.541212 	 -18.421236 	
26 	 18515.625000 	 17.953999 	 -20.955235 	
27 	 15890.625000 	 18.448967 	 -23.704176 	
28 	 13640.625000 	 19.051626 	 -26.689518 	
29 	 11671.875000 	 19.823187 	 -29.959768 	
30 	 10078.125000 	 20.707872 	 -33.234077 	
31 	 8578.125000 	 21.914511 	 -37.010944 	
32 	 7359.375488 	 23.332058 	 -40.713440 	
33 	 6328.125000 	 25.057114 	 -44.427101 	
34 	 5376.838379 	 27.321085 	 -48.402889 	
35 	 4641.543945 	 29.847528 	 -51.720779 	
36 	 3984.374756 	 32.959957 	 -55.221283 	
37 	 3421.875000 	 36.675735 	 -58.497944 	
38 	 2953.125000 	 40.939590 	 -61.468479 	
39 	 2527.573486 	 46.216995 	 -64.333466 	
40 	 2159.926514 	 52.535896 	 -66.920792 	
41 	 1847.956665 	 59.924622 	 -69.217644 	
42 	 1577.524048 	 68.729370 	 -71.300644 	
43 	 1359.375000 	 78.364265 	 -72.998276 	
44 	 1171.875000 	 89.557487 	 -74.526245 	
45 	 998.263855 	 103.439774 	 -75.947243 	
46 	 856.370239 	 119.033157 	 -77.104752 	
47 	 737.847229 	 136.515381 	 -78.157341 	
48 	 627.790161 	 158.425323 	 -79.073334 	
49 	 544.084778 	 181.156830 	 -79.783234 	
50 	 460.379456 	 211.496017 	 -80.503006 	
51 	 397.995270 	 242.302780 	 -81.041229 	
52 	 340.221771 	 280.628082 	 -81.542274 	
53 	 292.968750 	 322.543121 	 -81.742462 	
54 	 252.403839 	 370.974152 	 -82.112747 	
55 	 217.013885 	 427.641296 	 -82.436531 	
56 	 186.011902 	 494.259827 	 -82.711823 	
57 	 158.361496 	 575.007080 	 -82.948326 	
58 	 135.216339 	 667.011902 	 -83.143272 	
59 	 117.187500 	 762.879700 	 -83.286682 	
