IMPEDANCE MEASUREMENT 
9:22:48.172 AM 2026-10-08
Chamber temperature (K): 295.97
Chamber pressure (MPa): 58.08
Description: 	Default
Driving voltage (V): 0.01
Start freq (Hz): 1E+6
Stop freq (Hz): 1E+2
# freq steps: 60
Index #	Frequency (Hz)	Impedance (ohms)	Phase (degrees)
0 	 1000078.125000 	 19.430977 	 34.323742 	
1 	 857765.625000 	 18.557817 	 30.354586 	
2 	 735703.125000 	 17.872349 	 26.630709 	
3 	 630984.375000 	 17.353724 	 23.180744 	
4 	 541171.875000 	 16.954674 	 20.013094 	
5 	 464203.125000 	 16.641830 	 17.118595 	
6 	 398109.375000 	 16.409618 	 14.516198 	
7 	 341484.375000 	 16.249743 	 12.143346 	
8 	 292921.875000 	 16.115942 	 10.023131 	
9 	 251203.140625 	 16.020201 	 8.075820 	
10 	 215484.375000 	 15.964237 	 6.273667 	
11 	 184828.125000 	 15.926886 	 4.656219 	
12 	 158578.125000 	 15.907043 	 3.108596 	
13 	 135984.375000 	 15.908146 	 1.648239 	
14 	 116671.867187 	 15.919430 	 0.236025 	
15 	 100078.125000 	 15.949691 	 -1.130333 	
16 	 85828.125000 	 15.997226 	 -2.501636 	
17 	 73640.625000 	 16.056200 	 -3.907723 	
18 	 63140.625000 	 16.136801 	 -5.343994 	
19 	 54140.625000 	 16.239052 	 -6.862423 	
20 	 46453.125000 	 16.367195 	 -8.438861 	
21 	 39890.625000 	 16.518400 	 -10.124745 	
22 	 34171.875000 	 16.707369 	 -11.981948 	
23 	 29296.875000 	 16.936197 	 -13.943994 	
24 	 25171.875000 	 17.209867 	 -16.074095 	
25 	 21609.375000 	 17.538563 	 -18.406553 	
26 	 18515.625000 	 17.950348 	 -20.955915 	
27 	 15890.625000 	 18.448509 	 -23.716032 	
28 	 13640.625000 	 19.058138 	 -26.700073 	
29 	 11671.875000 	 19.824389 	 -29.961617 	
30 	 10078.125000 	 20.710047 	 -33.226902 	
31 	 8578.125000 	 21.911079 	 -37.007904 	
32 	 7359.375488 	 23.335291 	 -40.719391 	
33 	 6328.125000 	 25.050777 	 -44.403206 	
34 	 5376.838379 	 27.324791 	 -48.380909 	
35 	 4641.543945 	 29.838991 	 -51.723427 	
36 	 3984.374756 	 32.935036 	 -55.236073 	
37 	 3421.875000 	 36.657349 	 -58.510403 	
38 	 2953.125000 	 40.917492 	 -61.479649 	
39 	 2527.573486 	 46.230888 	 -64.327614 	
40 	 2159.926514 	 52.540279 	 -66.915176 	
41 	 1847.956665 	 59.935257 	 -69.202461 	
42 	 1577.524048 	 68.744919 	 -71.297844 	
43 	 1359.375000 	 78.373383 	 -72.994667 	
44 	 1171.875000 	 89.432930 	 -74.533455 	
45 	 998.263855 	 103.454422 	 -75.900650 	
46 	 856.370239 	 119.050346 	 -77.150650 	
47 	 737.847229 	 136.589050 	 -78.163498 	
48 	 627.790161 	 158.429245 	 -79.014015 	
49 	 544.084778 	 181.054520 	 -79.825897 	
50 	 460.379456 	 211.454651 	 -80.495140 	
51 	 397.995270 	 242.262527 	 -81.039444 	
52 	 340.221771 	 280.562683 	 -81.536530 	
53 	 292.968750 	 322.429138 	 -81.735405 	
54 	 252.403839 	 370.899719 	 -82.112999 	
55 	 217.013885 	 427.479889 	 -82.434364 	
56 	 186.011902 	 494.124969 	 -82.707588 	
57 	 158.361496 	 574.752808 	 -82.945114 	
58 	 135.216339 	 666.808167 	 -83.139725 	
59 	 117.187500 	 762.763672 	 -83.267143 	
