IMPEDANCE MEASUREMENT 
10:33:51.532 AM 2026-10-08
Chamber temperature (K): 295.98
Chamber pressure (MPa): 2.46
Description: 	Default
Driving voltage (V): 0.01
Start freq (Hz): 1E+6
Stop freq (Hz): 1E+2
# freq steps: 60
Index #	Frequency (Hz)	Impedance (ohms)	Phase (degrees)
0 	 1000078.125000 	 19.859135 	 33.416645 	
1 	 857765.625000 	 19.019148 	 29.510736 	
2 	 735703.125000 	 18.347527 	 25.893372 	
3 	 630984.375000 	 17.838770 	 22.482559 	
4 	 541171.875000 	 17.450600 	 19.401886 	
5 	 464203.125000 	 17.144262 	 16.593763 	
6 	 398109.375000 	 16.917242 	 14.040236 	
7 	 341484.375000 	 16.756931 	 11.762325 	
8 	 292921.875000 	 16.626841 	 9.645544 	
9 	 251203.140625 	 16.551010 	 7.772839 	
10 	 215484.375000 	 16.492723 	 6.021197 	
11 	 184828.125000 	 16.450226 	 4.430730 	
12 	 158578.125000 	 16.437437 	 2.927640 	
13 	 135984.375000 	 16.437395 	 1.493876 	
14 	 116671.867187 	 16.454670 	 0.160373 	
15 	 100078.125000 	 16.485851 	 -1.174122 	
16 	 85828.125000 	 16.532375 	 -2.512451 	
17 	 73640.625000 	 16.594292 	 -3.889807 	
18 	 63140.625000 	 16.675447 	 -5.284665 	
19 	 54140.625000 	 16.783560 	 -6.765133 	
20 	 46453.125000 	 16.911846 	 -8.314741 	
21 	 39890.625000 	 17.065144 	 -9.951503 	
22 	 34171.875000 	 17.257511 	 -11.754037 	
23 	 29296.875000 	 17.488716 	 -13.694920 	
24 	 25171.875000 	 17.767574 	 -15.775712 	
25 	 21609.375000 	 18.100910 	 -18.029322 	
26 	 18515.625000 	 18.516460 	 -20.541937 	
27 	 15890.625000 	 19.009047 	 -23.226213 	
28 	 13640.625000 	 19.618105 	 -26.150930 	
29 	 11671.875000 	 20.380917 	 -29.353031 	
30 	 10078.125000 	 21.263870 	 -32.568710 	
31 	 8578.125000 	 22.458776 	 -36.294464 	
32 	 7359.375488 	 23.879053 	 -39.960217 	
33 	 6328.125000 	 25.583649 	 -43.657658 	
34 	 5376.838379 	 27.850082 	 -47.636177 	
35 	 4641.543945 	 30.371679 	 -50.967831 	
36 	 3984.374756 	 33.480930 	 -54.480896 	
37 	 3421.875000 	 37.185829 	 -57.825344 	
38 	 2953.125000 	 41.438393 	 -60.743896 	
39 	 2527.573486 	 46.718281 	 -63.700722 	
40 	 2159.926514 	 53.077316 	 -66.345299 	
41 	 1847.956665 	 60.507256 	 -68.675758 	
42 	 1577.524048 	 69.305237 	 -70.785637 	
43 	 1359.375000 	 78.922356 	 -72.555595 	
44 	 1171.875000 	 90.037880 	 -74.096176 	
45 	 998.263855 	 104.079063 	 -75.541016 	
46 	 856.370239 	 119.758331 	 -76.776031 	
47 	 737.847229 	 137.424927 	 -77.798981 	
48 	 627.790161 	 159.150726 	 -78.738487 	
49 	 544.084778 	 181.807602 	 -79.501831 	
50 	 460.379456 	 212.310501 	 -80.206078 	
51 	 397.995270 	 243.156158 	 -80.756310 	
52 	 340.221771 	 281.494720 	 -81.265564 	
53 	 292.968750 	 323.401154 	 -81.490318 	
54 	 252.403839 	 371.832886 	 -81.871513 	
55 	 217.013885 	 428.411407 	 -82.197342 	
56 	 186.011902 	 495.055389 	 -82.469040 	
57 	 158.361496 	 575.576111 	 -82.719505 	
58 	 135.216339 	 667.401489 	 -82.906342 	
59 	 117.187500 	 763.192688 	 -83.045319 	
