IMPEDANCE MEASUREMENT 
10:35:39.270 AM 2026-10-08
Chamber temperature (K): 295.98
Chamber pressure (MPa): 1.86
Description: 	Default
Driving voltage (V): 0.01
Start freq (Hz): 1E+6
Stop freq (Hz): 1E+2
# freq steps: 60
Index #	Frequency (Hz)	Impedance (ohms)	Phase (degrees)
0 	 1000078.125000 	 19.866089 	 33.399162 	
1 	 857765.625000 	 19.016838 	 29.538992 	
2 	 735703.125000 	 18.353565 	 25.870111 	
3 	 630984.375000 	 17.847050 	 22.489840 	
4 	 541171.875000 	 17.447865 	 19.409388 	
5 	 464203.125000 	 17.149170 	 16.599363 	
6 	 398109.375000 	 16.923977 	 14.039708 	
7 	 341484.375000 	 16.754728 	 11.738402 	
8 	 292921.875000 	 16.635937 	 9.666035 	
9 	 251203.140625 	 16.548122 	 7.766789 	
10 	 215484.375000 	 16.492731 	 6.029232 	
11 	 184828.125000 	 16.452341 	 4.436978 	
12 	 158578.125000 	 16.431503 	 2.940279 	
13 	 135984.375000 	 16.437372 	 1.527261 	
14 	 116671.867187 	 16.456114 	 0.146777 	
15 	 100078.125000 	 16.486652 	 -1.186203 	
16 	 85828.125000 	 16.534481 	 -2.508702 	
17 	 73640.625000 	 16.592283 	 -3.876937 	
18 	 63140.625000 	 16.678144 	 -5.270729 	
19 	 54140.625000 	 16.782869 	 -6.758753 	
20 	 46453.125000 	 16.911505 	 -8.302803 	
21 	 39890.625000 	 17.060364 	 -9.962739 	
22 	 34171.875000 	 17.254217 	 -11.768743 	
23 	 29296.875000 	 17.488125 	 -13.684296 	
24 	 25171.875000 	 17.761467 	 -15.773033 	
25 	 21609.375000 	 18.102589 	 -18.022413 	
26 	 18515.625000 	 18.511177 	 -20.530268 	
27 	 15890.625000 	 19.007351 	 -23.228167 	
28 	 13640.625000 	 19.613424 	 -26.143147 	
29 	 11671.875000 	 20.375837 	 -29.341173 	
30 	 10078.125000 	 21.255600 	 -32.545517 	
31 	 8578.125000 	 22.456060 	 -36.281723 	
32 	 7359.375488 	 23.869768 	 -39.950806 	
33 	 6328.125000 	 25.581228 	 -43.634197 	
34 	 5376.838379 	 27.832552 	 -47.606133 	
35 	 4641.543945 	 30.340115 	 -50.942112 	
36 	 3984.374756 	 33.440701 	 -54.450218 	
37 	 3421.875000 	 37.155212 	 -57.789871 	
38 	 2953.125000 	 41.397457 	 -60.807949 	
39 	 2527.573486 	 46.705139 	 -63.658382 	
40 	 2159.926514 	 53.045845 	 -66.305824 	
41 	 1847.956665 	 60.446899 	 -68.679764 	
42 	 1577.524048 	 69.248260 	 -70.805573 	
43 	 1359.375000 	 78.957657 	 -72.505051 	
44 	 1171.875000 	 90.065567 	 -74.063278 	
45 	 998.263855 	 103.952362 	 -75.505363 	
46 	 856.370239 	 119.572258 	 -76.761467 	
47 	 737.847229 	 137.077271 	 -77.803612 	
48 	 627.790161 	 159.182526 	 -78.721672 	
49 	 544.084778 	 181.691193 	 -79.358025 	
50 	 460.379456 	 212.147263 	 -80.190781 	
51 	 397.995270 	 242.989883 	 -80.742943 	
52 	 340.221771 	 281.300964 	 -81.257065 	
53 	 292.968750 	 323.141876 	 -81.476456 	
54 	 252.403839 	 371.618622 	 -81.856232 	
55 	 217.013885 	 428.088898 	 -82.183151 	
56 	 186.011902 	 494.582886 	 -82.463379 	
57 	 158.361496 	 575.102295 	 -82.697899 	
58 	 135.216339 	 666.852661 	 -82.896339 	
59 	 117.187500 	 762.394836 	 -83.037582 	
