IMPEDANCE MEASUREMENT 
9:56:48.466 AM 2026-10-08
Chamber temperature (K): 295.96
Chamber pressure (MPa): 24.98
Description: 	Default
Driving voltage (V): 0.01
Start freq (Hz): 1E+6
Stop freq (Hz): 1E+2
# freq steps: 60
Index #	Frequency (Hz)	Impedance (ohms)	Phase (degrees)
0 	 1000078.125000 	 19.652428 	 33.847424 	
1 	 857765.625000 	 18.797281 	 29.944769 	
2 	 735703.125000 	 18.133509 	 26.251915 	
3 	 630984.375000 	 17.609676 	 22.818886 	
4 	 541171.875000 	 17.217089 	 19.685299 	
5 	 464203.125000 	 16.912216 	 16.857130 	
6 	 398109.375000 	 16.683727 	 14.309622 	
7 	 341484.375000 	 16.510786 	 11.955367 	
8 	 292921.875000 	 16.389843 	 9.833187 	
9 	 251203.140625 	 16.304880 	 7.907465 	
10 	 215484.375000 	 16.235521 	 6.154717 	
11 	 184828.125000 	 16.205902 	 4.537560 	
12 	 158578.125000 	 16.186453 	 3.041502 	
13 	 135984.375000 	 16.192711 	 1.623340 	
14 	 116671.867187 	 16.202734 	 0.193919 	
15 	 100078.125000 	 16.235771 	 -1.146795 	
16 	 85828.125000 	 16.280802 	 -2.500494 	
17 	 73640.625000 	 16.342712 	 -3.863609 	
18 	 63140.625000 	 16.423840 	 -5.295354 	
19 	 54140.625000 	 16.528568 	 -6.789800 	
20 	 46453.125000 	 16.655760 	 -8.348140 	
21 	 39890.625000 	 16.804277 	 -10.017715 	
22 	 34171.875000 	 16.999264 	 -11.834127 	
23 	 29296.875000 	 17.228903 	 -13.797050 	
24 	 25171.875000 	 17.500570 	 -15.880486 	
25 	 21609.375000 	 17.832970 	 -18.183739 	
26 	 18515.625000 	 18.246855 	 -20.684494 	
27 	 15890.625000 	 18.739042 	 -23.419060 	
28 	 13640.625000 	 19.342569 	 -26.338644 	
29 	 11671.875000 	 20.101875 	 -29.581259 	
30 	 10078.125000 	 20.989012 	 -32.817841 	
31 	 8578.125000 	 22.181662 	 -36.553604 	
32 	 7359.375488 	 23.600378 	 -40.264862 	
33 	 6328.125000 	 25.301317 	 -43.960316 	
34 	 5376.838379 	 27.560926 	 -47.925442 	
35 	 4641.543945 	 30.086613 	 -51.262577 	
36 	 3984.374756 	 33.159355 	 -54.756218 	
37 	 3421.875000 	 36.860516 	 -58.086441 	
38 	 2953.125000 	 41.097816 	 -61.045956 	
39 	 2527.573486 	 46.419346 	 -63.932930 	
40 	 2159.926514 	 52.713936 	 -66.578804 	
41 	 1847.956665 	 60.080334 	 -68.938240 	
42 	 1577.524048 	 68.881645 	 -71.002609 	
43 	 1359.375000 	 78.463318 	 -72.699654 	
44 	 1171.875000 	 89.652153 	 -74.266319 	
45 	 998.263855 	 103.574791 	 -75.697090 	
46 	 856.370239 	 119.085884 	 -76.925125 	
47 	 737.847229 	 136.600021 	 -77.959549 	
48 	 627.790161 	 158.551193 	 -78.901611 	
49 	 544.084778 	 181.018631 	 -79.556244 	
50 	 460.379456 	 211.428925 	 -80.342171 	
51 	 397.995270 	 242.180878 	 -80.887329 	
52 	 340.221771 	 280.438843 	 -81.402176 	
53 	 292.968750 	 322.227203 	 -81.618843 	
54 	 252.403839 	 370.596344 	 -81.996025 	
55 	 217.013885 	 427.042969 	 -82.322784 	
56 	 186.011902 	 493.510986 	 -82.600388 	
57 	 158.361496 	 574.002991 	 -82.846725 	
58 	 135.216339 	 665.689636 	 -83.041420 	
59 	 117.187500 	 761.294128 	 -83.176933 	
