IMPEDANCE MEASUREMENT 
11:46:17.226 AM 2026-10-09
Chamber temperature (K): 295.89
Chamber pressure (MPa): 74.15
Description: 	Default
Driving voltage (V): 0.01
Start freq (Hz): 1E+6
Stop freq (Hz): 1E+2
# freq steps: 60
Index #	Frequency (Hz)	Impedance (ohms)	Phase (degrees)
0 	 1000078.125000 	 19.389523 	 34.346813 	
1 	 857765.625000 	 18.521130 	 30.369415 	
2 	 735703.125000 	 17.840082 	 26.633633 	
3 	 630984.375000 	 17.317766 	 23.162041 	
4 	 541171.875000 	 16.920185 	 19.980913 	
5 	 464203.125000 	 16.615637 	 17.098383 	
6 	 398109.375000 	 16.380173 	 14.441976 	
7 	 341484.375000 	 16.212820 	 12.075029 	
8 	 292921.875000 	 16.091272 	 9.936479 	
9 	 251203.140625 	 15.995898 	 7.964770 	
10 	 215484.375000 	 15.933822 	 6.154058 	
11 	 184828.125000 	 15.900476 	 4.490024 	
12 	 158578.125000 	 15.891030 	 2.923351 	
13 	 135984.375000 	 15.887760 	 1.437063 	
14 	 116671.867187 	 15.909846 	 0.029466 	
15 	 100078.125000 	 15.944186 	 -1.380323 	
16 	 85828.125000 	 15.993954 	 -2.785530 	
17 	 73640.625000 	 16.061699 	 -4.215569 	
18 	 63140.625000 	 16.146557 	 -5.696949 	
19 	 54140.625000 	 16.259878 	 -7.242043 	
20 	 46453.125000 	 16.393776 	 -8.876032 	
21 	 39890.625000 	 16.559406 	 -10.602140 	
22 	 34171.875000 	 16.762922 	 -12.486982 	
23 	 29296.875000 	 17.007946 	 -14.518350 	
24 	 25171.875000 	 17.298410 	 -16.688541 	
25 	 21609.375000 	 17.656494 	 -19.053213 	
26 	 18515.625000 	 18.094290 	 -21.669025 	
27 	 15890.625000 	 18.615379 	 -24.472744 	
28 	 13640.625000 	 19.262003 	 -27.505415 	
29 	 11671.875000 	 20.063820 	 -30.807110 	
30 	 10078.125000 	 21.004589 	 -34.123688 	
31 	 8578.125000 	 22.285265 	 -37.927288 	
32 	 7359.375488 	 23.776295 	 -41.642754 	
33 	 6328.125000 	 25.578705 	 -45.363182 	
34 	 5376.838379 	 27.981619 	 -49.294765 	
35 	 4641.543945 	 30.640665 	 -52.582737 	
36 	 3984.374756 	 33.909382 	 -56.014858 	
37 	 3421.875000 	 37.757504 	 -59.214088 	
38 	 2953.125000 	 42.223343 	 -62.127960 	
39 	 2527.573486 	 47.756577 	 -64.912903 	
40 	 2159.926514 	 54.311211 	 -67.432449 	
41 	 1847.956665 	 62.020885 	 -69.623528 	
42 	 1577.524048 	 71.179054 	 -71.621658 	
43 	 1359.375000 	 81.175606 	 -73.269600 	
44 	 1171.875000 	 92.682907 	 -74.757507 	
45 	 998.263855 	 107.074776 	 -76.067558 	
46 	 856.370239 	 123.255768 	 -77.235664 	
47 	 737.847229 	 141.300507 	 -78.121353 	
48 	 627.790161 	 164.031219 	 -79.067337 	
49 	 544.084778 	 187.531891 	 -79.687218 	
50 	 460.379456 	 218.914948 	 -80.454590 	
51 	 397.995270 	 250.722824 	 -80.965370 	
52 	 340.221771 	 290.284241 	 -81.427681 	
53 	 292.968750 	 333.466034 	 -81.597885 	
54 	 252.403839 	 383.505188 	 -81.951111 	
55 	 217.013885 	 441.864258 	 -82.250526 	
56 	 186.011902 	 510.506134 	 -82.508331 	
57 	 158.361496 	 593.571960 	 -82.723045 	
58 	 135.216339 	 688.140198 	 -82.898178 	
59 	 117.187500 	 786.941040 	 -83.021393 	
