IMPEDANCE MEASUREMENT 
1:57:23.731 PM 2026-10-09
Chamber temperature (K): 295.96
Chamber pressure (MPa): 75.04
Description: 	Default
Driving voltage (V): 0.01
Start freq (Hz): 1E+6
Stop freq (Hz): 1E+2
# freq steps: 60
Index #	Frequency (Hz)	Impedance (ohms)	Phase (degrees)
0 	 1000078.125000 	 19.375128 	 34.262939 	
1 	 857765.625000 	 18.519709 	 30.311651 	
2 	 735703.125000 	 17.839518 	 26.598146 	
3 	 630984.375000 	 17.323952 	 23.149616 	
4 	 541171.875000 	 16.921415 	 20.002663 	
5 	 464203.125000 	 16.617348 	 17.094025 	
6 	 398109.375000 	 16.386459 	 14.491911 	
7 	 341484.375000 	 16.214054 	 12.120553 	
8 	 292921.875000 	 16.086617 	 9.970319 	
9 	 251203.140625 	 15.998058 	 8.004658 	
10 	 215484.375000 	 15.940363 	 6.207328 	
11 	 184828.125000 	 15.902542 	 4.575784 	
12 	 158578.125000 	 15.890442 	 3.024074 	
13 	 135984.375000 	 15.890293 	 1.575476 	
14 	 116671.867187 	 15.903449 	 0.145147 	
15 	 100078.125000 	 15.939950 	 -1.226309 	
16 	 85828.125000 	 15.987235 	 -2.607105 	
17 	 73640.625000 	 16.051739 	 -4.012628 	
18 	 63140.625000 	 16.133755 	 -5.457892 	
19 	 54140.625000 	 16.240524 	 -6.975159 	
20 	 46453.125000 	 16.376089 	 -8.565564 	
21 	 39890.625000 	 16.529470 	 -10.250900 	
22 	 34171.875000 	 16.726967 	 -12.106819 	
23 	 29296.875000 	 16.962255 	 -14.070153 	
24 	 25171.875000 	 17.242014 	 -16.194014 	
25 	 21609.375000 	 17.577461 	 -18.497101 	
26 	 18515.625000 	 17.999308 	 -21.046253 	
27 	 15890.625000 	 18.504379 	 -23.786419 	
28 	 13640.625000 	 19.111660 	 -26.760258 	
29 	 11671.875000 	 19.889872 	 -29.999815 	
30 	 10078.125000 	 20.780848 	 -33.241486 	
31 	 8578.125000 	 21.986757 	 -36.979122 	
32 	 7359.375488 	 23.412560 	 -40.677582 	
33 	 6328.125000 	 25.133104 	 -44.354012 	
34 	 5376.838379 	 27.404512 	 -48.315296 	
35 	 4641.543945 	 29.929878 	 -51.750561 	
36 	 3984.374756 	 33.046352 	 -55.215618 	
37 	 3421.875000 	 36.743790 	 -58.465118 	
38 	 2953.125000 	 40.990356 	 -61.379292 	
39 	 2527.573486 	 46.292439 	 -64.197235 	
40 	 2159.926514 	 52.648445 	 -66.790184 	
41 	 1847.956665 	 59.996307 	 -69.074203 	
42 	 1577.524048 	 68.769798 	 -71.109650 	
43 	 1359.375000 	 78.346329 	 -72.838547 	
44 	 1171.875000 	 89.425156 	 -74.372040 	
45 	 998.263855 	 103.324066 	 -75.819664 	
46 	 856.370239 	 118.790222 	 -76.935997 	
47 	 737.847229 	 136.171082 	 -78.014221 	
48 	 627.790161 	 158.082245 	 -78.888489 	
49 	 544.084778 	 180.429840 	 -79.599449 	
50 	 460.379456 	 210.858887 	 -80.355484 	
51 	 397.995270 	 241.515671 	 -80.907074 	
52 	 340.221771 	 279.619904 	 -81.414810 	
53 	 292.968750 	 321.296753 	 -81.623550 	
54 	 252.403839 	 369.593811 	 -82.014221 	
55 	 217.013885 	 425.877533 	 -82.345238 	
56 	 186.011902 	 492.193787 	 -82.627968 	
57 	 158.361496 	 572.382507 	 -82.881180 	
58 	 135.216339 	 663.883057 	 -83.076408 	
59 	 117.187500 	 759.426819 	 -83.236633 	
