IMPEDANCE MEASUREMENT 
11:31:08.570 AM 2026-10-09
Chamber temperature (K): 295.87
Chamber pressure (MPa): 49.91
Description: 	Default
Driving voltage (V): 0.01
Start freq (Hz): 1E+6
Stop freq (Hz): 1E+2
# freq steps: 60
Index #	Frequency (Hz)	Impedance (ohms)	Phase (degrees)
0 	 1000078.125000 	 19.511608 	 34.052280 	
1 	 857765.625000 	 18.652821 	 30.112686 	
2 	 735703.125000 	 17.983461 	 26.390240 	
3 	 630984.375000 	 17.467033 	 22.939203 	
4 	 541171.875000 	 17.072714 	 19.792355 	
5 	 464203.125000 	 16.771002 	 16.920891 	
6 	 398109.375000 	 16.539703 	 14.292256 	
7 	 341484.375000 	 16.373749 	 11.958650 	
8 	 292921.875000 	 16.241615 	 9.800760 	
9 	 251203.140625 	 16.156929 	 7.852220 	
10 	 215484.375000 	 16.095621 	 6.055641 	
11 	 184828.125000 	 16.059820 	 4.388589 	
12 	 158578.125000 	 16.048441 	 2.884444 	
13 	 135984.375000 	 16.052818 	 1.416833 	
14 	 116671.867187 	 16.067945 	 -0.033483 	
15 	 100078.125000 	 16.104809 	 -1.414040 	
16 	 85828.125000 	 16.159847 	 -2.808491 	
17 	 73640.625000 	 16.225414 	 -4.231546 	
18 	 63140.625000 	 16.310026 	 -5.713657 	
19 	 54140.625000 	 16.424965 	 -7.254362 	
20 	 46453.125000 	 16.560362 	 -8.873937 	
21 	 39890.625000 	 16.729658 	 -10.602733 	
22 	 34171.875000 	 16.931015 	 -12.487823 	
23 	 29296.875000 	 17.183382 	 -14.517600 	
24 	 25171.875000 	 17.471666 	 -16.685446 	
25 	 21609.375000 	 17.831490 	 -19.040878 	
26 	 18515.625000 	 18.269308 	 -21.650080 	
27 	 15890.625000 	 18.802258 	 -24.450512 	
28 	 13640.625000 	 19.449503 	 -27.485085 	
29 	 11671.875000 	 20.264082 	 -30.783745 	
30 	 10078.125000 	 21.211014 	 -34.091743 	
31 	 8578.125000 	 22.490244 	 -37.884178 	
32 	 7359.375488 	 24.002592 	 -41.609138 	
33 	 6328.125000 	 25.831388 	 -45.322788 	
34 	 5376.838379 	 28.230501 	 -49.263500 	
35 	 4641.543945 	 30.929695 	 -52.577286 	
36 	 3984.374756 	 34.208523 	 -55.997543 	
37 	 3421.875000 	 38.094154 	 -59.248093 	
38 	 2953.125000 	 42.609589 	 -62.131618 	
39 	 2527.573486 	 48.170300 	 -64.926338 	
40 	 2159.926514 	 54.837578 	 -67.415329 	
41 	 1847.956665 	 62.598232 	 -69.617332 	
42 	 1577.524048 	 71.791237 	 -71.653358 	
43 	 1359.375000 	 81.947083 	 -73.307243 	
44 	 1171.875000 	 93.514992 	 -74.713402 	
45 	 998.263855 	 108.157166 	 -76.087547 	
46 	 856.370239 	 124.395760 	 -77.279495 	
47 	 737.847229 	 142.709412 	 -78.238739 	
48 	 627.790161 	 165.700577 	 -79.090721 	
49 	 544.084778 	 189.467209 	 -79.761383 	
50 	 460.379456 	 220.956345 	 -80.447227 	
51 	 397.995270 	 253.088348 	 -80.949432 	
52 	 340.221771 	 293.005432 	 -81.418365 	
53 	 292.968750 	 336.589233 	 -81.584053 	
54 	 252.403839 	 387.085602 	 -81.933777 	
55 	 217.013885 	 445.955170 	 -82.232559 	
56 	 186.011902 	 515.238953 	 -82.482269 	
57 	 158.361496 	 598.945618 	 -82.705719 	
58 	 135.216339 	 694.446472 	 -82.871033 	
59 	 117.187500 	 793.999390 	 -83.000290 	
