IMPEDANCE MEASUREMENT 
12:43:33.151 PM 2026-10-09
Chamber temperature (K): 295.96
Chamber pressure (MPa): 175.17
Description: 	Default
Driving voltage (V): 0.01
Start freq (Hz): 1E+6
Stop freq (Hz): 1E+2
# freq steps: 60
Index #	Frequency (Hz)	Impedance (ohms)	Phase (degrees)
0 	 1000078.125000 	 19.046331 	 34.967751 	
1 	 857765.625000 	 18.183065 	 30.976122 	
2 	 735703.125000 	 17.497456 	 27.191616 	
3 	 630984.375000 	 16.959723 	 23.688431 	
4 	 541171.875000 	 16.556431 	 20.476065 	
5 	 464203.125000 	 16.243170 	 17.521595 	
6 	 398109.375000 	 16.001671 	 14.853188 	
7 	 341484.375000 	 15.824854 	 12.429957 	
8 	 292921.875000 	 15.696249 	 10.261876 	
9 	 251203.140625 	 15.612712 	 8.223995 	
10 	 215484.375000 	 15.545283 	 6.402503 	
11 	 184828.125000 	 15.504669 	 4.717939 	
12 	 158578.125000 	 15.494194 	 3.155773 	
13 	 135984.375000 	 15.495135 	 1.643099 	
14 	 116671.867187 	 15.515436 	 0.194806 	
15 	 100078.125000 	 15.537699 	 -1.202443 	
16 	 85828.125000 	 15.587081 	 -2.627249 	
17 	 73640.625000 	 15.651103 	 -4.053863 	
18 	 63140.625000 	 15.738298 	 -5.532892 	
19 	 54140.625000 	 15.844625 	 -7.087707 	
20 	 46453.125000 	 15.970996 	 -8.697531 	
21 	 39890.625000 	 16.130569 	 -10.424088 	
22 	 34171.875000 	 16.325817 	 -12.314612 	
23 	 29296.875000 	 16.559776 	 -14.325712 	
24 	 25171.875000 	 16.836975 	 -16.493673 	
25 	 21609.375000 	 17.180061 	 -18.847281 	
26 	 18515.625000 	 17.599394 	 -21.431330 	
27 	 15890.625000 	 18.100796 	 -24.223885 	
28 	 13640.625000 	 18.720325 	 -27.227503 	
29 	 11671.875000 	 19.498985 	 -30.504864 	
30 	 10078.125000 	 20.397228 	 -33.807846 	
31 	 8578.125000 	 21.614367 	 -37.573044 	
32 	 7359.375488 	 23.047419 	 -41.281754 	
33 	 6328.125000 	 24.783833 	 -44.964405 	
34 	 5376.838379 	 27.078924 	 -48.914101 	
35 	 4641.543945 	 29.615417 	 -52.340557 	
36 	 3984.374756 	 32.735760 	 -55.765167 	
37 	 3421.875000 	 36.466640 	 -58.961956 	
38 	 2953.125000 	 40.680817 	 -61.872894 	
39 	 2527.573486 	 46.001659 	 -64.669151 	
40 	 2159.926514 	 52.302765 	 -67.189201 	
41 	 1847.956665 	 59.686592 	 -69.407005 	
42 	 1577.524048 	 68.431236 	 -71.425941 	
43 	 1359.375000 	 77.978912 	 -73.093765 	
44 	 1171.875000 	 89.083115 	 -74.577118 	
45 	 998.263855 	 102.955948 	 -76.001144 	
46 	 856.370239 	 118.469879 	 -77.179558 	
47 	 737.847229 	 135.894821 	 -78.118797 	
48 	 627.790161 	 157.896362 	 -78.999817 	
49 	 544.084778 	 180.078644 	 -79.711472 	
50 	 460.379456 	 210.307968 	 -80.465576 	
51 	 397.995270 	 240.893814 	 -80.996887 	
52 	 340.221771 	 278.936890 	 -81.488541 	
53 	 292.968750 	 320.481415 	 -81.678154 	
54 	 252.403839 	 368.704895 	 -82.044174 	
55 	 217.013885 	 424.926392 	 -82.358788 	
56 	 186.011902 	 491.112579 	 -82.629219 	
57 	 158.361496 	 571.156067 	 -82.862022 	
58 	 135.216339 	 662.434814 	 -83.044319 	
59 	 117.187500 	 757.708252 	 -83.184776 	
