IMPEDANCE MEASUREMENT 
11:32:56.281 AM 2026-10-09
Chamber temperature (K): 295.87
Chamber pressure (MPa): 50.52
Description: 	Default
Driving voltage (V): 0.01
Start freq (Hz): 1E+6
Stop freq (Hz): 1E+2
# freq steps: 60
Index #	Frequency (Hz)	Impedance (ohms)	Phase (degrees)
0 	 1000078.125000 	 19.528111 	 34.014835 	
1 	 857765.625000 	 18.665375 	 30.061432 	
2 	 735703.125000 	 17.995132 	 26.377382 	
3 	 630984.375000 	 17.479906 	 22.936876 	
4 	 541171.875000 	 17.085493 	 19.777578 	
5 	 464203.125000 	 16.779047 	 16.915648 	
6 	 398109.375000 	 16.554289 	 14.300201 	
7 	 341484.375000 	 16.384674 	 11.947815 	
8 	 292921.875000 	 16.257301 	 9.799106 	
9 	 251203.140625 	 16.171059 	 7.860024 	
10 	 215484.375000 	 16.112453 	 6.068432 	
11 	 184828.125000 	 16.080149 	 4.408964 	
12 	 158578.125000 	 16.065435 	 2.862113 	
13 	 135984.375000 	 16.065519 	 1.408375 	
14 	 116671.867187 	 16.083399 	 -0.011843 	
15 	 100078.125000 	 16.121866 	 -1.415943 	
16 	 85828.125000 	 16.170418 	 -2.807060 	
17 	 73640.625000 	 16.236614 	 -4.228208 	
18 	 63140.625000 	 16.330645 	 -5.703732 	
19 	 54140.625000 	 16.438906 	 -7.240623 	
20 	 46453.125000 	 16.577745 	 -8.865870 	
21 	 39890.625000 	 16.739697 	 -10.592163 	
22 	 34171.875000 	 16.945688 	 -12.465280 	
23 	 29296.875000 	 17.188023 	 -14.507511 	
24 	 25171.875000 	 17.484137 	 -16.652859 	
25 	 21609.375000 	 17.841684 	 -19.022221 	
26 	 18515.625000 	 18.282026 	 -21.618408 	
27 	 15890.625000 	 18.815311 	 -24.422445 	
28 	 13640.625000 	 19.458256 	 -27.452517 	
29 	 11671.875000 	 20.271341 	 -30.749193 	
30 	 10078.125000 	 21.225731 	 -34.071671 	
31 	 8578.125000 	 22.493692 	 -37.838387 	
32 	 7359.375488 	 24.012209 	 -41.559727 	
33 	 6328.125000 	 25.824850 	 -45.282619 	
34 	 5376.838379 	 28.232735 	 -49.228127 	
35 	 4641.543945 	 30.910028 	 -52.545834 	
36 	 3984.374756 	 34.214771 	 -55.980774 	
37 	 3421.875000 	 38.097557 	 -59.172417 	
38 	 2953.125000 	 42.592491 	 -62.060036 	
39 	 2527.573486 	 48.146896 	 -64.857849 	
40 	 2159.926514 	 54.800838 	 -67.398224 	
41 	 1847.956665 	 62.547554 	 -69.631157 	
42 	 1577.524048 	 71.748528 	 -71.619804 	
43 	 1359.375000 	 81.865540 	 -73.273125 	
44 	 1171.875000 	 93.543777 	 -74.710129 	
45 	 998.263855 	 108.129219 	 -76.063202 	
46 	 856.370239 	 124.370255 	 -77.180473 	
47 	 737.847229 	 142.630966 	 -78.205948 	
48 	 627.790161 	 165.698196 	 -79.177063 	
49 	 544.084778 	 189.208954 	 -79.748032 	
50 	 460.379456 	 220.820541 	 -80.439354 	
51 	 397.995270 	 252.935669 	 -80.950897 	
52 	 340.221771 	 292.829590 	 -81.417709 	
53 	 292.968750 	 336.447571 	 -81.587692 	
54 	 252.403839 	 386.887421 	 -81.936996 	
55 	 217.013885 	 445.708954 	 -82.237427 	
56 	 186.011902 	 514.906677 	 -82.487793 	
57 	 158.361496 	 598.722900 	 -82.705162 	
58 	 135.216339 	 694.147766 	 -82.878357 	
59 	 117.187500 	 793.716125 	 -82.997009 	
