IMPEDANCE MEASUREMENT 
2:12:25.359 PM 2026-10-09
Chamber temperature (K): 295.96
Chamber pressure (MPa): 50.72
Description: 	Default
Driving voltage (V): 0.01
Start freq (Hz): 1E+6
Stop freq (Hz): 1E+2
# freq steps: 60
Index #	Frequency (Hz)	Impedance (ohms)	Phase (degrees)
0 	 1000078.125000 	 19.519211 	 34.000019 	
1 	 857765.625000 	 18.666782 	 30.053318 	
2 	 735703.125000 	 18.003845 	 26.350986 	
3 	 630984.375000 	 17.489775 	 22.923311 	
4 	 541171.875000 	 17.088724 	 19.788368 	
5 	 464203.125000 	 16.783205 	 16.909243 	
6 	 398109.375000 	 16.559284 	 14.317102 	
7 	 341484.375000 	 16.385744 	 11.984982 	
8 	 292921.875000 	 16.270073 	 9.854591 	
9 	 251203.140625 	 16.169336 	 7.918449 	
10 	 215484.375000 	 16.115913 	 6.122688 	
11 	 184828.125000 	 16.081070 	 4.500015 	
12 	 158578.125000 	 16.064541 	 2.961125 	
13 	 135984.375000 	 16.072147 	 1.507948 	
14 	 116671.867187 	 16.087240 	 0.148209 	
15 	 100078.125000 	 16.116108 	 -1.232429 	
16 	 85828.125000 	 16.168787 	 -2.608960 	
17 	 73640.625000 	 16.231819 	 -3.998372 	
18 	 63140.625000 	 16.314671 	 -5.444276 	
19 	 54140.625000 	 16.424242 	 -6.943357 	
20 	 46453.125000 	 16.556734 	 -8.539442 	
21 	 39890.625000 	 16.714478 	 -10.209909 	
22 	 34171.875000 	 16.908276 	 -12.034317 	
23 	 29296.875000 	 17.146812 	 -14.006894 	
24 	 25171.875000 	 17.426365 	 -16.125685 	
25 	 21609.375000 	 17.766354 	 -18.425264 	
26 	 18515.625000 	 18.187222 	 -20.948898 	
27 	 15890.625000 	 18.692938 	 -23.687681 	
28 	 13640.625000 	 19.306067 	 -26.608812 	
29 	 11671.875000 	 20.078890 	 -29.855026 	
30 	 10078.125000 	 20.982374 	 -33.107533 	
31 	 8578.125000 	 22.186316 	 -36.834450 	
32 	 7359.375488 	 23.618685 	 -40.518944 	
33 	 6328.125000 	 25.338486 	 -44.210289 	
34 	 5376.838379 	 27.624474 	 -48.155766 	
35 	 4641.543945 	 30.172075 	 -51.595764 	
36 	 3984.374756 	 33.292404 	 -55.072819 	
37 	 3421.875000 	 37.014050 	 -58.305271 	
38 	 2953.125000 	 41.278858 	 -61.263756 	
39 	 2527.573486 	 46.598297 	 -64.088913 	
40 	 2159.926514 	 52.945709 	 -66.734955 	
41 	 1847.956665 	 60.369499 	 -68.961227 	
42 	 1577.524048 	 69.146278 	 -71.053185 	
43 	 1359.375000 	 78.759758 	 -72.728645 	
44 	 1171.875000 	 90.054489 	 -74.317787 	
45 	 998.263855 	 103.933678 	 -75.673767 	
46 	 856.370239 	 119.522888 	 -76.883041 	
47 	 737.847229 	 136.986374 	 -77.880760 	
48 	 627.790161 	 158.854126 	 -78.820190 	
49 	 544.084778 	 181.286179 	 -79.630196 	
50 	 460.379456 	 212.004639 	 -80.302017 	
51 	 397.995270 	 242.792221 	 -80.850861 	
52 	 340.221771 	 281.080872 	 -81.364624 	
53 	 292.968750 	 323.007263 	 -81.574387 	
54 	 252.403839 	 371.468597 	 -81.954277 	
55 	 217.013885 	 428.002716 	 -82.290848 	
56 	 186.011902 	 494.574280 	 -82.576485 	
57 	 158.361496 	 575.163757 	 -82.811722 	
58 	 135.216339 	 667.092041 	 -83.022614 	
59 	 117.187500 	 762.866394 	 -83.175186 	
