IMPEDANCE MEASUREMENT 
1:43:20.926 PM 2026-10-09
Chamber temperature (K): 295.96
Chamber pressure (MPa): 98.21
Description: 	Default
Driving voltage (V): 0.01
Start freq (Hz): 1E+6
Stop freq (Hz): 1E+2
# freq steps: 60
Index #	Frequency (Hz)	Impedance (ohms)	Phase (degrees)
0 	 1000078.125000 	 19.269779 	 34.510857 	
1 	 857765.625000 	 18.404388 	 30.526421 	
2 	 735703.125000 	 17.722517 	 26.790255 	
3 	 630984.375000 	 17.199236 	 23.310427 	
4 	 541171.875000 	 16.797361 	 20.143019 	
5 	 464203.125000 	 16.491392 	 17.239254 	
6 	 398109.375000 	 16.260035 	 14.596854 	
7 	 341484.375000 	 16.088205 	 12.202960 	
8 	 292921.875000 	 15.955505 	 10.060210 	
9 	 251203.140625 	 15.863856 	 8.113907 	
10 	 215484.375000 	 15.801876 	 6.305664 	
11 	 184828.125000 	 15.767585 	 4.611467 	
12 	 158578.125000 	 15.753927 	 3.072281 	
13 	 135984.375000 	 15.752381 	 1.606306 	
14 	 116671.867187 	 15.761388 	 0.176495 	
15 	 100078.125000 	 15.798411 	 -1.197372 	
16 	 85828.125000 	 15.850046 	 -2.597214 	
17 	 73640.625000 	 15.917358 	 -4.005022 	
18 	 63140.625000 	 15.996947 	 -5.466085 	
19 	 54140.625000 	 16.101860 	 -6.985290 	
20 	 46453.125000 	 16.230738 	 -8.584249 	
21 	 39890.625000 	 16.386211 	 -10.271218 	
22 	 34171.875000 	 16.581083 	 -12.121727 	
23 	 29296.875000 	 16.814915 	 -14.113973 	
24 	 25171.875000 	 17.098803 	 -16.245766 	
25 	 21609.375000 	 17.434561 	 -18.568821 	
26 	 18515.625000 	 17.850903 	 -21.107389 	
27 	 15890.625000 	 18.349718 	 -23.862583 	
28 	 13640.625000 	 18.963425 	 -26.831179 	
29 	 11671.875000 	 19.731543 	 -30.075043 	
30 	 10078.125000 	 20.623854 	 -33.335274 	
31 	 8578.125000 	 21.832911 	 -37.099895 	
32 	 7359.375488 	 23.247290 	 -40.765739 	
33 	 6328.125000 	 24.959991 	 -44.447136 	
34 	 5376.838379 	 27.236095 	 -48.415771 	
35 	 4641.543945 	 29.757328 	 -51.858391 	
36 	 3984.374756 	 32.862129 	 -55.303886 	
37 	 3421.875000 	 36.527878 	 -58.548450 	
38 	 2953.125000 	 40.771812 	 -61.451065 	
39 	 2527.573486 	 46.038284 	 -64.339600 	
40 	 2159.926514 	 52.354401 	 -66.857635 	
41 	 1847.956665 	 59.672615 	 -69.140167 	
42 	 1577.524048 	 68.358727 	 -71.254890 	
43 	 1359.375000 	 77.972504 	 -72.846634 	
44 	 1171.875000 	 88.978821 	 -74.386620 	
45 	 998.263855 	 102.854141 	 -75.809494 	
46 	 856.370239 	 118.276291 	 -76.960312 	
47 	 737.847229 	 135.628632 	 -78.028557 	
48 	 627.790161 	 157.430695 	 -78.932442 	
49 	 544.084778 	 179.728943 	 -79.691002 	
50 	 460.379456 	 209.827469 	 -80.395744 	
51 	 397.995270 	 240.351364 	 -80.942551 	
52 	 340.221771 	 278.288239 	 -81.454628 	
53 	 292.968750 	 319.820099 	 -81.664101 	
54 	 252.403839 	 367.862274 	 -82.045975 	
55 	 217.013885 	 423.888916 	 -82.375923 	
56 	 186.011902 	 489.898834 	 -82.660248 	
57 	 158.361496 	 569.785645 	 -82.910294 	
58 	 135.216339 	 660.963806 	 -83.117714 	
59 	 117.187500 	 755.858704 	 -83.271561 	
