IMPEDANCE MEASUREMENT 
1:27:42.660 PM 2026-10-09
Chamber temperature (K): 295.96
Chamber pressure (MPa): 125.79
Description: 	Default
Driving voltage (V): 0.01
Start freq (Hz): 1E+6
Stop freq (Hz): 1E+2
# freq steps: 60
Index #	Frequency (Hz)	Impedance (ohms)	Phase (degrees)
0 	 1000078.125000 	 19.176895 	 34.674728 	
1 	 857765.625000 	 18.299046 	 30.713011 	
2 	 735703.125000 	 17.618286 	 26.967485 	
3 	 630984.375000 	 17.099314 	 23.470079 	
4 	 541171.875000 	 16.688078 	 20.288900 	
5 	 464203.125000 	 16.383698 	 17.348883 	
6 	 398109.375000 	 16.150768 	 14.722530 	
7 	 341484.375000 	 15.981028 	 12.321593 	
8 	 292921.875000 	 15.847284 	 10.118134 	
9 	 251203.140625 	 15.755809 	 8.152560 	
10 	 215484.375000 	 15.695924 	 6.363419 	
11 	 184828.125000 	 15.661421 	 4.672688 	
12 	 158578.125000 	 15.641102 	 3.118662 	
13 	 135984.375000 	 15.644534 	 1.630339 	
14 	 116671.867187 	 15.653857 	 0.194006 	
15 	 100078.125000 	 15.686373 	 -1.183922 	
16 	 85828.125000 	 15.737785 	 -2.587928 	
17 	 73640.625000 	 15.799163 	 -3.999714 	
18 	 63140.625000 	 15.882748 	 -5.456353 	
19 	 54140.625000 	 15.990974 	 -6.985847 	
20 	 46453.125000 	 16.116680 	 -8.589803 	
21 	 39890.625000 	 16.275486 	 -10.289522 	
22 	 34171.875000 	 16.467392 	 -12.141032 	
23 	 29296.875000 	 16.699869 	 -14.129154 	
24 	 25171.875000 	 16.979887 	 -16.258478 	
25 	 21609.375000 	 17.316185 	 -18.601652 	
26 	 18515.625000 	 17.730961 	 -21.159494 	
27 	 15890.625000 	 18.229425 	 -23.914068 	
28 	 13640.625000 	 18.835173 	 -26.872444 	
29 	 11671.875000 	 19.599052 	 -30.119192 	
30 	 10078.125000 	 20.490585 	 -33.407967 	
31 	 8578.125000 	 21.690926 	 -37.167145 	
32 	 7359.375488 	 23.109879 	 -40.843639 	
33 	 6328.125000 	 24.815474 	 -44.521980 	
34 	 5376.838379 	 27.070536 	 -48.469303 	
35 	 4641.543945 	 29.597746 	 -51.907738 	
36 	 3984.374756 	 32.690720 	 -55.379822 	
37 	 3421.875000 	 36.362064 	 -58.607300 	
38 	 2953.125000 	 40.561897 	 -61.521004 	
39 	 2527.573486 	 45.819878 	 -64.339104 	
40 	 2159.926514 	 52.062004 	 -66.903725 	
41 	 1847.956665 	 59.394970 	 -69.178604 	
42 	 1577.524048 	 68.117409 	 -71.226883 	
43 	 1359.375000 	 77.639496 	 -72.923111 	
44 	 1171.875000 	 88.503716 	 -74.413940 	
45 	 998.263855 	 102.319550 	 -75.861160 	
46 	 856.370239 	 117.702301 	 -77.045631 	
47 	 737.847229 	 134.959122 	 -78.011459 	
48 	 627.790161 	 156.539444 	 -78.978363 	
49 	 544.084778 	 178.662079 	 -79.647888 	
50 	 460.379456 	 208.925537 	 -80.423813 	
51 	 397.995270 	 239.303802 	 -80.969307 	
52 	 340.221771 	 277.093933 	 -81.482674 	
53 	 292.968750 	 318.394470 	 -81.688141 	
54 	 252.403839 	 366.250336 	 -82.058403 	
55 	 217.013885 	 422.132660 	 -82.390198 	
56 	 186.011902 	 487.832031 	 -82.679955 	
57 	 158.361496 	 567.514343 	 -82.923195 	
58 	 135.216339 	 658.201538 	 -83.125542 	
59 	 117.187500 	 753.028259 	 -83.270294 	
