IMPEDANCE MEASUREMENT 
12:41:45.395 PM 2026-10-09
Chamber temperature (K): 295.95
Chamber pressure (MPa): 175.23
Description: 	Default
Driving voltage (V): 0.01
Start freq (Hz): 1E+6
Stop freq (Hz): 1E+2
# freq steps: 60
Index #	Frequency (Hz)	Impedance (ohms)	Phase (degrees)
0 	 1000078.125000 	 19.048817 	 34.980354 	
1 	 857765.625000 	 18.163162 	 30.977484 	
2 	 735703.125000 	 17.478102 	 27.205229 	
3 	 630984.375000 	 16.952566 	 23.703548 	
4 	 541171.875000 	 16.545986 	 20.498869 	
5 	 464203.125000 	 16.227856 	 17.543671 	
6 	 398109.375000 	 15.993634 	 14.871023 	
7 	 341484.375000 	 15.821070 	 12.454577 	
8 	 292921.875000 	 15.690221 	 10.280357 	
9 	 251203.140625 	 15.598731 	 8.247197 	
10 	 215484.375000 	 15.536283 	 6.415885 	
11 	 184828.125000 	 15.499129 	 4.703161 	
12 	 158578.125000 	 15.477530 	 3.126486 	
13 	 135984.375000 	 15.478866 	 1.653226 	
14 	 116671.867187 	 15.494678 	 0.190066 	
15 	 100078.125000 	 15.534594 	 -1.227273 	
16 	 85828.125000 	 15.578719 	 -2.627784 	
17 	 73640.625000 	 15.642492 	 -4.064340 	
18 	 63140.625000 	 15.728801 	 -5.543450 	
19 	 54140.625000 	 15.828864 	 -7.089321 	
20 	 46453.125000 	 15.962887 	 -8.713589 	
21 	 39890.625000 	 16.118624 	 -10.449023 	
22 	 34171.875000 	 16.314417 	 -12.312593 	
23 	 29296.875000 	 16.548584 	 -14.347056 	
24 	 25171.875000 	 16.833891 	 -16.498306 	
25 	 21609.375000 	 17.169519 	 -18.850672 	
26 	 18515.625000 	 17.591255 	 -21.453661 	
27 	 15890.625000 	 18.094305 	 -24.248434 	
28 	 13640.625000 	 18.716381 	 -27.230570 	
29 	 11671.875000 	 19.487211 	 -30.536728 	
30 	 10078.125000 	 20.393255 	 -33.813679 	
31 	 8578.125000 	 21.610416 	 -37.616146 	
32 	 7359.375488 	 23.049776 	 -41.308365 	
33 	 6328.125000 	 24.783955 	 -44.984818 	
34 	 5376.838379 	 27.073736 	 -48.939587 	
35 	 4641.543945 	 29.638594 	 -52.359020 	
36 	 3984.374756 	 32.739643 	 -55.802673 	
37 	 3421.875000 	 36.472889 	 -58.994102 	
38 	 2953.125000 	 40.716919 	 -61.904686 	
39 	 2527.573486 	 46.013195 	 -64.636040 	
40 	 2159.926514 	 52.332672 	 -67.193703 	
41 	 1847.956665 	 59.696419 	 -69.445091 	
42 	 1577.524048 	 68.467087 	 -71.432587 	
43 	 1359.375000 	 78.055481 	 -73.165649 	
44 	 1171.875000 	 89.101280 	 -74.561974 	
45 	 998.263855 	 103.063522 	 -76.013596 	
46 	 856.370239 	 118.577759 	 -77.217445 	
47 	 737.847229 	 135.933456 	 -78.131798 	
48 	 627.790161 	 157.760345 	 -79.027313 	
49 	 544.084778 	 180.230927 	 -79.742348 	
50 	 460.379456 	 210.398468 	 -80.464622 	
51 	 397.995270 	 241.018097 	 -80.991089 	
52 	 340.221771 	 279.062073 	 -81.485474 	
53 	 292.968750 	 320.638733 	 -81.673744 	
54 	 252.403839 	 368.856964 	 -82.039131 	
55 	 217.013885 	 425.115295 	 -82.358200 	
56 	 186.011902 	 491.312012 	 -82.623138 	
57 	 158.361496 	 571.408081 	 -82.847824 	
58 	 135.216339 	 662.755981 	 -83.033165 	
59 	 117.187500 	 757.996338 	 -83.167595 	
