IMPEDANCE MEASUREMENT 
2:11:31.365 PM 2026-10-09
Chamber temperature (K): 295.96
Chamber pressure (MPa): 50.44
Description: 	Default
Driving voltage (V): 0.01
Start freq (Hz): 1E+6
Stop freq (Hz): 1E+2
# freq steps: 60
Index #	Frequency (Hz)	Impedance (ohms)	Phase (degrees)
0 	 1000078.125000 	 19.525049 	 33.984631 	
1 	 857765.625000 	 18.676220 	 30.011625 	
2 	 735703.125000 	 18.002926 	 26.356659 	
3 	 630984.375000 	 17.490231 	 22.916243 	
4 	 541171.875000 	 17.088612 	 19.763334 	
5 	 464203.125000 	 16.795071 	 16.912167 	
6 	 398109.375000 	 16.566895 	 14.318843 	
7 	 341484.375000 	 16.389553 	 11.938865 	
8 	 292921.875000 	 16.260105 	 9.821255 	
9 	 251203.140625 	 16.173588 	 7.903561 	
10 	 215484.375000 	 16.120928 	 6.121909 	
11 	 184828.125000 	 16.084988 	 4.499691 	
12 	 158578.125000 	 16.067701 	 2.985673 	
13 	 135984.375000 	 16.070591 	 1.517122 	
14 	 116671.867187 	 16.085852 	 0.120737 	
15 	 100078.125000 	 16.121161 	 -1.243551 	
16 	 85828.125000 	 16.171839 	 -2.622981 	
17 	 73640.625000 	 16.232653 	 -4.011754 	
18 	 63140.625000 	 16.321295 	 -5.442747 	
19 	 54140.625000 	 16.426548 	 -6.946473 	
20 	 46453.125000 	 16.557468 	 -8.532230 	
21 	 39890.625000 	 16.715204 	 -10.213120 	
22 	 34171.875000 	 16.914200 	 -12.046851 	
23 	 29296.875000 	 17.151173 	 -14.011482 	
24 	 25171.875000 	 17.429895 	 -16.115364 	
25 	 21609.375000 	 17.771120 	 -18.417088 	
26 	 18515.625000 	 18.190453 	 -20.959541 	
27 	 15890.625000 	 18.694460 	 -23.679977 	
28 	 13640.625000 	 19.312105 	 -26.626183 	
29 	 11671.875000 	 20.084627 	 -29.862221 	
30 	 10078.125000 	 20.971724 	 -33.093121 	
31 	 8578.125000 	 22.190189 	 -36.829807 	
32 	 7359.375488 	 23.626745 	 -40.508171 	
33 	 6328.125000 	 25.341648 	 -44.194790 	
34 	 5376.838379 	 27.618563 	 -48.152882 	
35 	 4641.543945 	 30.185272 	 -51.589622 	
36 	 3984.374756 	 33.287346 	 -55.045189 	
37 	 3421.875000 	 36.991001 	 -58.311867 	
38 	 2953.125000 	 41.266441 	 -61.225559 	
39 	 2527.573486 	 46.565620 	 -64.096558 	
40 	 2159.926514 	 52.943867 	 -66.660957 	
41 	 1847.956665 	 60.323246 	 -68.970802 	
42 	 1577.524048 	 69.146370 	 -71.033295 	
43 	 1359.375000 	 78.832191 	 -72.793022 	
44 	 1171.875000 	 90.025024 	 -74.275131 	
45 	 998.263855 	 103.883965 	 -75.682465 	
46 	 856.370239 	 119.499023 	 -76.881836 	
47 	 737.847229 	 136.972122 	 -77.909874 	
48 	 627.790161 	 158.874237 	 -78.798569 	
49 	 544.084778 	 181.628372 	 -79.601936 	
50 	 460.379456 	 211.957031 	 -80.305420 	
51 	 397.995270 	 242.776627 	 -80.855927 	
52 	 340.221771 	 281.066345 	 -81.364685 	
53 	 292.968750 	 322.958588 	 -81.576355 	
54 	 252.403839 	 371.449554 	 -81.963158 	
55 	 217.013885 	 427.984406 	 -82.289879 	
56 	 186.011902 	 494.582306 	 -82.579262 	
57 	 158.361496 	 575.200745 	 -82.825340 	
58 	 135.216339 	 667.086609 	 -83.026505 	
59 	 117.187500 	 762.882385 	 -83.183304 	
