IMPEDANCE MEASUREMENT 
11:18:24.810 AM 2026-10-09
Chamber temperature (K): 295.87
Chamber pressure (MPa): 24.23
Description: 	Default
Driving voltage (V): 0.01
Start freq (Hz): 1E+6
Stop freq (Hz): 1E+2
# freq steps: 60
Index #	Frequency (Hz)	Impedance (ohms)	Phase (degrees)
0 	 1000078.125000 	 19.721048 	 33.696758 	
1 	 857765.625000 	 18.863283 	 29.764038 	
2 	 735703.125000 	 18.210133 	 26.083534 	
3 	 630984.375000 	 17.685202 	 22.646093 	
4 	 541171.875000 	 17.310318 	 19.541653 	
5 	 464203.125000 	 16.998152 	 16.670527 	
6 	 398109.375000 	 16.781847 	 14.106719 	
7 	 341484.375000 	 16.607401 	 11.774139 	
8 	 292921.875000 	 16.489002 	 9.662530 	
9 	 251203.140625 	 16.403145 	 7.713919 	
10 	 215484.375000 	 16.347094 	 5.954709 	
11 	 184828.125000 	 16.309256 	 4.329520 	
12 	 158578.125000 	 16.299875 	 2.785937 	
13 	 135984.375000 	 16.305496 	 1.332744 	
14 	 116671.867187 	 16.325270 	 -0.055343 	
15 	 100078.125000 	 16.356590 	 -1.434269 	
16 	 85828.125000 	 16.406670 	 -2.823635 	
17 	 73640.625000 	 16.475636 	 -4.232564 	
18 	 63140.625000 	 16.563688 	 -5.686681 	
19 	 54140.625000 	 16.679134 	 -7.219488 	
20 	 46453.125000 	 16.817808 	 -8.821469 	
21 	 39890.625000 	 16.982182 	 -10.545694 	
22 	 34171.875000 	 17.190226 	 -12.402440 	
23 	 29296.875000 	 17.438089 	 -14.431820 	
24 	 25171.875000 	 17.729809 	 -16.569605 	
25 	 21609.375000 	 18.093006 	 -18.920256 	
26 	 18515.625000 	 18.535065 	 -21.526220 	
27 	 15890.625000 	 19.065977 	 -24.300974 	
28 	 13640.625000 	 19.718781 	 -27.320446 	
29 	 11671.875000 	 20.532663 	 -30.593760 	
30 	 10078.125000 	 21.484425 	 -33.888287 	
31 	 8578.125000 	 22.770643 	 -37.683552 	
32 	 7359.375488 	 24.286087 	 -41.411568 	
33 	 6328.125000 	 26.118448 	 -45.109840 	
34 	 5376.838379 	 28.541206 	 -49.086903 	
35 	 4641.543945 	 31.237774 	 -52.364319 	
36 	 3984.374756 	 34.546978 	 -55.848404 	
37 	 3421.875000 	 38.483521 	 -59.074306 	
38 	 2953.125000 	 42.965462 	 -61.989498 	
39 	 2527.573486 	 48.627277 	 -64.770981 	
40 	 2159.926514 	 55.299088 	 -67.309189 	
41 	 1847.956665 	 63.110893 	 -69.573662 	
42 	 1577.524048 	 72.409035 	 -71.578262 	
43 	 1359.375000 	 82.665108 	 -73.227791 	
44 	 1171.875000 	 94.342514 	 -74.639999 	
45 	 998.263855 	 109.102783 	 -76.070854 	
46 	 856.370239 	 125.491592 	 -77.185883 	
47 	 737.847229 	 143.905106 	 -78.124237 	
48 	 627.790161 	 166.975113 	 -79.031540 	
49 	 544.084778 	 190.676041 	 -79.720978 	
50 	 460.379456 	 222.788269 	 -80.401978 	
51 	 397.995270 	 255.180679 	 -80.906906 	
52 	 340.221771 	 295.408234 	 -81.377563 	
53 	 292.968750 	 339.381775 	 -81.537766 	
54 	 252.403839 	 390.245056 	 -81.886322 	
55 	 217.013885 	 449.538696 	 -82.179558 	
56 	 186.011902 	 519.407776 	 -82.429970 	
57 	 158.361496 	 603.804138 	 -82.645241 	
58 	 135.216339 	 700.019531 	 -82.818047 	
59 	 117.187500 	 800.221130 	 -82.927040 	
