IMPEDANCE MEASUREMENT 
11:04:18.015 AM 2026-10-09
Chamber temperature (K): 295.86
Chamber pressure (MPa): 1.3
Description: 	Default
Driving voltage (V): 0.01
Start freq (Hz): 1E+6
Stop freq (Hz): 1E+2
# freq steps: 60
Index #	Frequency (Hz)	Impedance (ohms)	Phase (degrees)
0 	 1000078.125000 	 19.956713 	 33.192490 	
1 	 857765.625000 	 19.119530 	 29.304813 	
2 	 735703.125000 	 18.467266 	 25.658157 	
3 	 630984.375000 	 17.953657 	 22.275034 	
4 	 541171.875000 	 17.562838 	 19.224617 	
5 	 464203.125000 	 17.271666 	 16.389990 	
6 	 398109.375000 	 17.050278 	 13.848969 	
7 	 341484.375000 	 16.884325 	 11.534656 	
8 	 292921.875000 	 16.762827 	 9.475576 	
9 	 251203.140625 	 16.675291 	 7.578798 	
10 	 215484.375000 	 16.618507 	 5.838202 	
11 	 184828.125000 	 16.590700 	 4.243125 	
12 	 158578.125000 	 16.578882 	 2.694356 	
13 	 135984.375000 	 16.574347 	 1.286352 	
14 	 116671.867187 	 16.597052 	 -0.089939 	
15 	 100078.125000 	 16.635674 	 -1.463753 	
16 	 85828.125000 	 16.688650 	 -2.828306 	
17 	 73640.625000 	 16.755985 	 -4.216773 	
18 	 63140.625000 	 16.845787 	 -5.679079 	
19 	 54140.625000 	 16.959257 	 -7.204800 	
20 	 46453.125000 	 17.096251 	 -8.784182 	
21 	 39890.625000 	 17.263798 	 -10.497849 	
22 	 34171.875000 	 17.469982 	 -12.346764 	
23 	 29296.875000 	 17.721409 	 -14.336534 	
24 	 25171.875000 	 18.022198 	 -16.467485 	
25 	 21609.375000 	 18.383835 	 -18.822163 	
26 	 18515.625000 	 18.828876 	 -21.371510 	
27 	 15890.625000 	 19.371099 	 -24.156672 	
28 	 13640.625000 	 20.022879 	 -27.144735 	
29 	 11671.875000 	 20.840055 	 -30.416180 	
30 	 10078.125000 	 21.794867 	 -33.695518 	
31 	 8578.125000 	 23.089773 	 -37.481205 	
32 	 7359.375488 	 24.612820 	 -41.186710 	
33 	 6328.125000 	 26.447300 	 -44.896450 	
34 	 5376.838379 	 28.886320 	 -48.852356 	
35 	 4641.543945 	 31.606159 	 -52.177414 	
36 	 3984.374756 	 34.928291 	 -55.669186 	
37 	 3421.875000 	 38.894890 	 -58.877056 	
38 	 2953.125000 	 43.423611 	 -61.836597 	
39 	 2527.573486 	 49.093571 	 -64.617889 	
40 	 2159.926514 	 55.874695 	 -67.183418 	
41 	 1847.956665 	 63.709312 	 -69.477997 	
42 	 1577.524048 	 73.126205 	 -71.474640 	
43 	 1359.375000 	 83.392464 	 -73.150711 	
44 	 1171.875000 	 95.232285 	 -74.590202 	
45 	 998.263855 	 110.040398 	 -76.041100 	
46 	 856.370239 	 126.622803 	 -77.144119 	
47 	 737.847229 	 145.221939 	 -78.102142 	
48 	 627.790161 	 168.574020 	 -79.018372 	
49 	 544.084778 	 192.362473 	 -79.608597 	
50 	 460.379456 	 224.831894 	 -80.378227 	
51 	 397.995270 	 257.490265 	 -80.888588 	
52 	 340.221771 	 298.082428 	 -81.361450 	
53 	 292.968750 	 342.493225 	 -81.537216 	
54 	 252.403839 	 393.839355 	 -81.880318 	
55 	 217.013885 	 453.702026 	 -82.185951 	
56 	 186.011902 	 524.147522 	 -82.434761 	
57 	 158.361496 	 609.319214 	 -82.644608 	
58 	 135.216339 	 706.430603 	 -82.816132 	
59 	 117.187500 	 807.661804 	 -82.931107 	
