IMPEDANCE MEASUREMENT 
1:25:54.919 PM 2026-10-09
Chamber temperature (K): 295.96
Chamber pressure (MPa): 126.55
Description: 	Default
Driving voltage (V): 0.01
Start freq (Hz): 1E+6
Stop freq (Hz): 1E+2
# freq steps: 60
Index #	Frequency (Hz)	Impedance (ohms)	Phase (degrees)
0 	 1000078.125000 	 19.178925 	 34.672447 	
1 	 857765.625000 	 18.313694 	 30.673298 	
2 	 735703.125000 	 17.633087 	 26.961927 	
3 	 630984.375000 	 17.098902 	 23.453295 	
4 	 541171.875000 	 16.701628 	 20.283857 	
5 	 464203.125000 	 16.384773 	 17.362640 	
6 	 398109.375000 	 16.149534 	 14.706544 	
7 	 341484.375000 	 15.982798 	 12.303120 	
8 	 292921.875000 	 15.851948 	 10.121737 	
9 	 251203.140625 	 15.763265 	 8.134639 	
10 	 215484.375000 	 15.703162 	 6.344526 	
11 	 184828.125000 	 15.665930 	 4.678435 	
12 	 158578.125000 	 15.641605 	 3.110261 	
13 	 135984.375000 	 15.648915 	 1.622989 	
14 	 116671.867187 	 15.662938 	 0.190759 	
15 	 100078.125000 	 15.699468 	 -1.192097 	
16 	 85828.125000 	 15.747756 	 -2.578954 	
17 	 73640.625000 	 15.807685 	 -3.991212 	
18 	 63140.625000 	 15.888712 	 -5.455825 	
19 	 54140.625000 	 15.996737 	 -6.970247 	
20 	 46453.125000 	 16.125563 	 -8.582328 	
21 	 39890.625000 	 16.281010 	 -10.283137 	
22 	 34171.875000 	 16.470177 	 -12.143201 	
23 	 29296.875000 	 16.704739 	 -14.124829 	
24 	 25171.875000 	 16.985996 	 -16.249399 	
25 	 21609.375000 	 17.320744 	 -18.579891 	
26 	 18515.625000 	 17.733688 	 -21.149948 	
27 	 15890.625000 	 18.233479 	 -23.904001 	
28 	 13640.625000 	 18.841230 	 -26.860136 	
29 	 11671.875000 	 19.610687 	 -30.146748 	
30 	 10078.125000 	 20.492533 	 -33.388172 	
31 	 8578.125000 	 21.692320 	 -37.154011 	
32 	 7359.375488 	 23.112339 	 -40.824810 	
33 	 6328.125000 	 24.816942 	 -44.526577 	
34 	 5376.838379 	 27.087013 	 -48.468887 	
35 	 4641.543945 	 29.597677 	 -51.874298 	
36 	 3984.374756 	 32.679790 	 -55.327831 	
37 	 3421.875000 	 36.358868 	 -58.581177 	
38 	 2953.125000 	 40.565525 	 -61.496346 	
39 	 2527.573486 	 45.840931 	 -64.313576 	
40 	 2159.926514 	 52.069885 	 -66.910805 	
41 	 1847.956665 	 59.371906 	 -69.197418 	
42 	 1577.524048 	 68.082611 	 -71.228073 	
43 	 1359.375000 	 77.571281 	 -72.940430 	
44 	 1171.875000 	 88.570259 	 -74.433304 	
45 	 998.263855 	 102.266716 	 -75.897095 	
46 	 856.370239 	 117.783386 	 -76.999451 	
47 	 737.847229 	 134.803360 	 -77.990685 	
48 	 627.790161 	 156.553452 	 -78.976219 	
49 	 544.084778 	 178.839569 	 -79.670616 	
50 	 460.379456 	 208.895401 	 -80.425911 	
51 	 397.995270 	 239.279770 	 -80.971947 	
52 	 340.221771 	 277.055664 	 -81.487968 	
53 	 292.968750 	 318.369751 	 -81.695488 	
54 	 252.403839 	 366.249817 	 -82.077530 	
55 	 217.013885 	 422.046936 	 -82.409439 	
56 	 186.011902 	 487.846588 	 -82.697342 	
57 	 158.361496 	 567.469177 	 -82.947662 	
58 	 135.216339 	 658.241516 	 -83.144363 	
59 	 117.187500 	 752.868774 	 -83.290283 	
