IMPEDANCE MEASUREMENT 
11:45:23.131 AM 2026-10-09
Chamber temperature (K): 295.89
Chamber pressure (MPa): 74.07
Description: 	Default
Driving voltage (V): 0.01
Start freq (Hz): 1E+6
Stop freq (Hz): 1E+2
# freq steps: 60
Index #	Frequency (Hz)	Impedance (ohms)	Phase (degrees)
0 	 1000078.125000 	 19.372648 	 34.338295 	
1 	 857765.625000 	 18.508005 	 30.339298 	
2 	 735703.125000 	 17.831520 	 26.615219 	
3 	 630984.375000 	 17.319984 	 23.163410 	
4 	 541171.875000 	 16.910198 	 19.978720 	
5 	 464203.125000 	 16.610704 	 17.094584 	
6 	 398109.375000 	 16.385864 	 14.478672 	
7 	 341484.375000 	 16.203449 	 12.075211 	
8 	 292921.875000 	 16.086622 	 9.908801 	
9 	 251203.140625 	 15.991161 	 7.952312 	
10 	 215484.375000 	 15.936003 	 6.163258 	
11 	 184828.125000 	 15.894885 	 4.499005 	
12 	 158578.125000 	 15.879263 	 2.910652 	
13 	 135984.375000 	 15.884619 	 1.453066 	
14 	 116671.867187 	 15.903679 	 0.018471 	
15 	 100078.125000 	 15.938810 	 -1.379760 	
16 	 85828.125000 	 15.987278 	 -2.799986 	
17 	 73640.625000 	 16.054186 	 -4.222392 	
18 	 63140.625000 	 16.144352 	 -5.692255 	
19 	 54140.625000 	 16.251040 	 -7.244149 	
20 	 46453.125000 	 16.388405 	 -8.883748 	
21 	 39890.625000 	 16.553492 	 -10.619630 	
22 	 34171.875000 	 16.755022 	 -12.499495 	
23 	 29296.875000 	 17.002357 	 -14.518772 	
24 	 25171.875000 	 17.294571 	 -16.698503 	
25 	 21609.375000 	 17.647268 	 -19.075211 	
26 	 18515.625000 	 18.087044 	 -21.683519 	
27 	 15890.625000 	 18.612991 	 -24.490076 	
28 	 13640.625000 	 19.258097 	 -27.533373 	
29 	 11671.875000 	 20.066034 	 -30.842646 	
30 	 10078.125000 	 21.000381 	 -34.119606 	
31 	 8578.125000 	 22.280838 	 -37.933567 	
32 	 7359.375488 	 23.775246 	 -41.656349 	
33 	 6328.125000 	 25.588217 	 -45.354843 	
34 	 5376.838379 	 27.980291 	 -49.336880 	
35 	 4641.543945 	 30.650682 	 -52.590244 	
36 	 3984.374756 	 33.910442 	 -56.028397 	
37 	 3421.875000 	 37.777184 	 -59.252670 	
38 	 2953.125000 	 42.226929 	 -62.117062 	
39 	 2527.573486 	 47.748844 	 -64.916000 	
40 	 2159.926514 	 54.309288 	 -67.437492 	
41 	 1847.956665 	 62.050209 	 -69.671669 	
42 	 1577.524048 	 71.167419 	 -71.652023 	
43 	 1359.375000 	 81.175148 	 -73.291557 	
44 	 1171.875000 	 92.701462 	 -74.748795 	
45 	 998.263855 	 107.207542 	 -76.136734 	
46 	 856.370239 	 123.264183 	 -77.250999 	
47 	 737.847229 	 141.481232 	 -78.220657 	
48 	 627.790161 	 164.212051 	 -79.067833 	
49 	 544.084778 	 187.637711 	 -79.804810 	
50 	 460.379456 	 218.976089 	 -80.453804 	
51 	 397.995270 	 250.813919 	 -80.961388 	
52 	 340.221771 	 290.364044 	 -81.437538 	
53 	 292.968750 	 333.574646 	 -81.601379 	
54 	 252.403839 	 383.600220 	 -81.949730 	
55 	 217.013885 	 441.991364 	 -82.260025 	
56 	 186.011902 	 510.624207 	 -82.509834 	
57 	 158.361496 	 593.723328 	 -82.726593 	
58 	 135.216339 	 688.422424 	 -82.899292 	
59 	 117.187500 	 787.075500 	 -83.016235 	
