IMPEDANCE MEASUREMENT 
11:32:02.703 AM 2026-10-09
Chamber temperature (K): 295.87
Chamber pressure (MPa): 50.61
Description: 	Default
Driving voltage (V): 0.01
Start freq (Hz): 1E+6
Stop freq (Hz): 1E+2
# freq steps: 60
Index #	Frequency (Hz)	Impedance (ohms)	Phase (degrees)
0 	 1000078.125000 	 19.524477 	 34.026905 	
1 	 857765.625000 	 18.658537 	 30.085838 	
2 	 735703.125000 	 17.992126 	 26.380434 	
3 	 630984.375000 	 17.475071 	 22.919371 	
4 	 541171.875000 	 17.072035 	 19.790462 	
5 	 464203.125000 	 16.769812 	 16.896338 	
6 	 398109.375000 	 16.549074 	 14.285159 	
7 	 341484.375000 	 16.373884 	 11.951011 	
8 	 292921.875000 	 16.254999 	 9.789703 	
9 	 251203.140625 	 16.161306 	 7.831630 	
10 	 215484.375000 	 16.108566 	 6.074351 	
11 	 184828.125000 	 16.069510 	 4.399747 	
12 	 158578.125000 	 16.053747 	 2.871449 	
13 	 135984.375000 	 16.059341 	 1.397475 	
14 	 116671.867187 	 16.075146 	 -0.030802 	
15 	 100078.125000 	 16.111429 	 -1.411218 	
16 	 85828.125000 	 16.164358 	 -2.810612 	
17 	 73640.625000 	 16.234592 	 -4.230978 	
18 	 63140.625000 	 16.322479 	 -5.714204 	
19 	 54140.625000 	 16.430510 	 -7.245381 	
20 	 46453.125000 	 16.567287 	 -8.876884 	
21 	 39890.625000 	 16.734703 	 -10.602625 	
22 	 34171.875000 	 16.935783 	 -12.477312 	
23 	 29296.875000 	 17.185131 	 -14.503315 	
24 	 25171.875000 	 17.482094 	 -16.667498 	
25 	 21609.375000 	 17.835545 	 -19.041210 	
26 	 18515.625000 	 18.277273 	 -21.644455 	
27 	 15890.625000 	 18.809258 	 -24.441397 	
28 	 13640.625000 	 19.456612 	 -27.469320 	
29 	 11671.875000 	 20.267204 	 -30.760910 	
30 	 10078.125000 	 21.211967 	 -34.075779 	
31 	 8578.125000 	 22.501177 	 -37.870293 	
32 	 7359.375488 	 24.004475 	 -41.594906 	
33 	 6328.125000 	 25.822746 	 -45.308029 	
34 	 5376.838379 	 28.240797 	 -49.248531 	
35 	 4641.543945 	 30.917494 	 -52.569035 	
36 	 3984.374756 	 34.209061 	 -55.997765 	
37 	 3421.875000 	 38.114136 	 -59.194752 	
38 	 2953.125000 	 42.590923 	 -62.087963 	
39 	 2527.573486 	 48.140202 	 -64.864265 	
40 	 2159.926514 	 54.780685 	 -67.426231 	
41 	 1847.956665 	 62.551346 	 -69.619781 	
42 	 1577.524048 	 71.735550 	 -71.622749 	
43 	 1359.375000 	 81.876808 	 -73.277710 	
44 	 1171.875000 	 93.534950 	 -74.732918 	
45 	 998.263855 	 108.124458 	 -76.131111 	
46 	 856.370239 	 124.461121 	 -77.222527 	
47 	 737.847229 	 142.773987 	 -78.247345 	
48 	 627.790161 	 165.618118 	 -79.061317 	
49 	 544.084778 	 189.125259 	 -79.805870 	
50 	 460.379456 	 220.901337 	 -80.440453 	
51 	 397.995270 	 253.018295 	 -80.948471 	
52 	 340.221771 	 292.917297 	 -81.420143 	
53 	 292.968750 	 336.512299 	 -81.587234 	
54 	 252.403839 	 386.975250 	 -81.932686 	
55 	 217.013885 	 445.794983 	 -82.232758 	
56 	 186.011902 	 515.064514 	 -82.482422 	
57 	 158.361496 	 598.839417 	 -82.700806 	
58 	 135.216339 	 694.327515 	 -82.874512 	
59 	 117.187500 	 793.831665 	 -82.996025 	
