IMPEDANCE MEASUREMENT 
11:47:10.853 AM 2026-10-09
Chamber temperature (K): 295.9
Chamber pressure (MPa): 74
Description: 	Default
Driving voltage (V): 0.01
Start freq (Hz): 1E+6
Stop freq (Hz): 1E+2
# freq steps: 60
Index #	Frequency (Hz)	Impedance (ohms)	Phase (degrees)
0 	 1000078.125000 	 19.383516 	 34.325001 	
1 	 857765.625000 	 18.525425 	 30.341341 	
2 	 735703.125000 	 17.839266 	 26.628506 	
3 	 630984.375000 	 17.323719 	 23.162094 	
4 	 541171.875000 	 16.923666 	 19.981884 	
5 	 464203.125000 	 16.620422 	 17.073792 	
6 	 398109.375000 	 16.389751 	 14.453441 	
7 	 341484.375000 	 16.226557 	 12.062169 	
8 	 292921.875000 	 16.096455 	 9.922919 	
9 	 251203.140625 	 16.000343 	 7.956596 	
10 	 215484.375000 	 15.946091 	 6.168455 	
11 	 184828.125000 	 15.911010 	 4.470041 	
12 	 158578.125000 	 15.891805 	 2.934659 	
13 	 135984.375000 	 15.893701 	 1.496175 	
14 	 116671.867187 	 15.916695 	 0.021569 	
15 	 100078.125000 	 15.948860 	 -1.378925 	
16 	 85828.125000 	 16.000694 	 -2.791909 	
17 	 73640.625000 	 16.066679 	 -4.217009 	
18 	 63140.625000 	 16.154325 	 -5.687252 	
19 	 54140.625000 	 16.265343 	 -7.225468 	
20 	 46453.125000 	 16.402071 	 -8.862691 	
21 	 39890.625000 	 16.564995 	 -10.601135 	
22 	 34171.875000 	 16.766031 	 -12.478959 	
23 	 29296.875000 	 17.016237 	 -14.497149 	
24 	 25171.875000 	 17.304508 	 -16.685663 	
25 	 21609.375000 	 17.658176 	 -19.048630 	
26 	 18515.625000 	 18.090849 	 -21.667194 	
27 	 15890.625000 	 18.622641 	 -24.466869 	
28 	 13640.625000 	 19.258520 	 -27.498943 	
29 	 11671.875000 	 20.071455 	 -30.812122 	
30 	 10078.125000 	 21.012608 	 -34.090252 	
31 	 8578.125000 	 22.277435 	 -37.902233 	
32 	 7359.375488 	 23.782949 	 -41.640396 	
33 	 6328.125000 	 25.588371 	 -45.338684 	
34 	 5376.838379 	 27.979572 	 -49.280613 	
35 	 4641.543945 	 30.630417 	 -52.591007 	
36 	 3984.374756 	 33.908890 	 -56.025837 	
37 	 3421.875000 	 37.774254 	 -59.254108 	
38 	 2953.125000 	 42.203342 	 -62.123760 	
39 	 2527.573486 	 47.711426 	 -64.914307 	
40 	 2159.926514 	 54.285946 	 -67.390495 	
41 	 1847.956665 	 61.994801 	 -69.629227 	
42 	 1577.524048 	 71.142151 	 -71.605247 	
43 	 1359.375000 	 81.116867 	 -73.322533 	
44 	 1171.875000 	 92.699089 	 -74.746864 	
45 	 998.263855 	 107.131332 	 -76.071846 	
46 	 856.370239 	 123.236099 	 -77.265404 	
47 	 737.847229 	 141.339096 	 -78.204414 	
48 	 627.790161 	 163.940430 	 -79.060181 	
49 	 544.084778 	 187.408920 	 -79.780937 	
50 	 460.379456 	 218.834869 	 -80.450386 	
51 	 397.995270 	 250.677292 	 -80.959305 	
52 	 340.221771 	 290.221252 	 -81.431221 	
53 	 292.968750 	 333.395355 	 -81.597404 	
54 	 252.403839 	 383.398468 	 -81.945557 	
55 	 217.013885 	 441.720764 	 -82.252441 	
56 	 186.011902 	 510.376709 	 -82.504326 	
57 	 158.361496 	 593.425964 	 -82.727074 	
58 	 135.216339 	 688.088013 	 -82.899216 	
59 	 117.187500 	 786.534851 	 -83.021103 	
