IMPEDANCE MEASUREMENT 
12:29:00.739 PM 2026-10-09
Chamber temperature (K): 295.94
Chamber pressure (MPa): 151.2
Description: 	Default
Driving voltage (V): 0.01
Start freq (Hz): 1E+6
Stop freq (Hz): 1E+2
# freq steps: 60
Index #	Frequency (Hz)	Impedance (ohms)	Phase (degrees)
0 	 1000078.125000 	 19.095064 	 34.852737 	
1 	 857765.625000 	 18.221304 	 30.922880 	
2 	 735703.125000 	 17.535358 	 27.128969 	
3 	 630984.375000 	 17.009663 	 23.614820 	
4 	 541171.875000 	 16.595387 	 20.391073 	
5 	 464203.125000 	 16.290279 	 17.486673 	
6 	 398109.375000 	 16.055605 	 14.800218 	
7 	 341484.375000 	 15.875031 	 12.380517 	
8 	 292921.875000 	 15.750664 	 10.211679 	
9 	 251203.140625 	 15.659679 	 8.174032 	
10 	 215484.375000 	 15.597532 	 6.353965 	
11 	 184828.125000 	 15.553434 	 4.651872 	
12 	 158578.125000 	 15.538531 	 3.083849 	
13 	 135984.375000 	 15.544529 	 1.603214 	
14 	 116671.867187 	 15.555913 	 0.111600 	
15 	 100078.125000 	 15.595744 	 -1.248027 	
16 	 85828.125000 	 15.642651 	 -2.693714 	
17 	 73640.625000 	 15.709380 	 -4.117286 	
18 	 63140.625000 	 15.792380 	 -5.595806 	
19 	 54140.625000 	 15.897600 	 -7.153364 	
20 	 46453.125000 	 16.032593 	 -8.774705 	
21 	 39890.625000 	 16.191200 	 -10.513139 	
22 	 34171.875000 	 16.387955 	 -12.390727 	
23 	 29296.875000 	 16.626896 	 -14.414203 	
24 	 25171.875000 	 16.908157 	 -16.591368 	
25 	 21609.375000 	 17.251495 	 -18.950638 	
26 	 18515.625000 	 17.676437 	 -21.563566 	
27 	 15890.625000 	 18.190367 	 -24.355120 	
28 	 13640.625000 	 18.813173 	 -27.365360 	
29 	 11671.875000 	 19.603092 	 -30.661127 	
30 	 10078.125000 	 20.510267 	 -33.952953 	
31 	 8578.125000 	 21.744658 	 -37.749016 	
32 	 7359.375488 	 23.194452 	 -41.457329 	
33 	 6328.125000 	 24.951887 	 -45.134583 	
34 	 5376.838379 	 27.278551 	 -49.084709 	
35 	 4641.543945 	 29.849865 	 -52.479763 	
36 	 3984.374756 	 33.018028 	 -55.918095 	
37 	 3421.875000 	 36.799412 	 -59.108181 	
38 	 2953.125000 	 41.065929 	 -61.998104 	
39 	 2527.573486 	 46.459175 	 -64.775146 	
40 	 2159.926514 	 52.820774 	 -67.267708 	
41 	 1847.956665 	 60.323677 	 -69.490234 	
42 	 1577.524048 	 69.125603 	 -71.536217 	
43 	 1359.375000 	 78.853790 	 -73.206993 	
44 	 1171.875000 	 90.049446 	 -74.678848 	
45 	 998.263855 	 104.023567 	 -76.075127 	
46 	 856.370239 	 119.795616 	 -77.176277 	
47 	 737.847229 	 137.221252 	 -78.173279 	
48 	 627.790161 	 159.379501 	 -79.182343 	
49 	 544.084778 	 181.975311 	 -79.799835 	
50 	 460.379456 	 212.535828 	 -80.507339 	
51 	 397.995270 	 243.436539 	 -81.038719 	
52 	 340.221771 	 281.878113 	 -81.531830 	
53 	 292.968750 	 323.893250 	 -81.713936 	
54 	 252.403839 	 372.605927 	 -82.078773 	
55 	 217.013885 	 429.392212 	 -82.396835 	
56 	 186.011902 	 496.258575 	 -82.668083 	
57 	 158.361496 	 577.272095 	 -82.908066 	
58 	 135.216339 	 669.541748 	 -83.090828 	
59 	 117.187500 	 765.652161 	 -83.227776 	
