IMPEDANCE MEASUREMENT 
2:33:40.122 PM 2026-10-09
Chamber temperature (K): 295.95
Chamber pressure (MPa): 3.91
Description: 	Default
Driving voltage (V): 0.01
Start freq (Hz): 1E+6
Stop freq (Hz): 1E+2
# freq steps: 60
Index #	Frequency (Hz)	Impedance (ohms)	Phase (degrees)
0 	 1000078.125000 	 19.934206 	 33.230968 	
1 	 857765.625000 	 19.097122 	 29.331577 	
2 	 735703.125000 	 18.434883 	 25.692434 	
3 	 630984.375000 	 17.933186 	 22.323240 	
4 	 541171.875000 	 17.540686 	 19.203768 	
5 	 464203.125000 	 17.248507 	 16.443651 	
6 	 398109.375000 	 17.020599 	 13.916904 	
7 	 341484.375000 	 16.862587 	 11.613389 	
8 	 292921.875000 	 16.746937 	 9.530538 	
9 	 251203.140625 	 16.654900 	 7.649628 	
10 	 215484.375000 	 16.598188 	 5.933851 	
11 	 184828.125000 	 16.563768 	 4.321657 	
12 	 158578.125000 	 16.553886 	 2.820613 	
13 	 135984.375000 	 16.555035 	 1.409733 	
14 	 116671.867187 	 16.573578 	 0.063257 	
15 	 100078.125000 	 16.606981 	 -1.278230 	
16 	 85828.125000 	 16.657585 	 -2.630142 	
17 	 73640.625000 	 16.726652 	 -3.975754 	
18 	 63140.625000 	 16.808218 	 -5.395916 	
19 	 54140.625000 	 16.918011 	 -6.873273 	
20 	 46453.125000 	 17.051807 	 -8.415706 	
21 	 39890.625000 	 17.208321 	 -10.069884 	
22 	 34171.875000 	 17.406418 	 -11.855885 	
23 	 29296.875000 	 17.643938 	 -13.804524 	
24 	 25171.875000 	 17.928905 	 -15.872168 	
25 	 21609.375000 	 18.277033 	 -18.135006 	
26 	 18515.625000 	 18.695621 	 -20.633049 	
27 	 15890.625000 	 19.204903 	 -23.326935 	
28 	 13640.625000 	 19.816113 	 -26.210464 	
29 	 11671.875000 	 20.598515 	 -29.406822 	
30 	 10078.125000 	 21.487934 	 -32.616962 	
31 	 8578.125000 	 22.700552 	 -36.315544 	
32 	 7359.375488 	 24.123232 	 -39.986938 	
33 	 6328.125000 	 25.851915 	 -43.658104 	
34 	 5376.838379 	 28.138750 	 -47.612743 	
35 	 4641.543945 	 30.693762 	 -51.056114 	
36 	 3984.374756 	 33.826969 	 -54.534420 	
37 	 3421.875000 	 37.574692 	 -57.845078 	
38 	 2953.125000 	 41.855663 	 -60.805679 	
39 	 2527.573486 	 47.216560 	 -63.673069 	
40 	 2159.926514 	 53.613354 	 -66.310371 	
41 	 1847.956665 	 61.036552 	 -68.629555 	
42 	 1577.524048 	 69.924126 	 -70.722549 	
43 	 1359.375000 	 79.721878 	 -72.477623 	
44 	 1171.875000 	 90.859535 	 -74.024261 	
45 	 998.263855 	 104.956917 	 -75.450577 	
46 	 856.370239 	 120.721474 	 -76.715233 	
47 	 737.847229 	 138.254395 	 -77.730377 	
48 	 627.790161 	 160.449249 	 -78.615456 	
49 	 544.084778 	 183.087982 	 -79.413361 	
50 	 460.379456 	 213.926651 	 -80.148582 	
51 	 397.995270 	 244.958786 	 -80.712250 	
52 	 340.221771 	 283.556305 	 -81.233780 	
53 	 292.968750 	 325.844147 	 -81.452690 	
54 	 252.403839 	 374.627502 	 -81.846207 	
55 	 217.013885 	 431.547455 	 -82.183113 	
56 	 186.011902 	 498.642731 	 -82.468559 	
57 	 158.361496 	 579.753235 	 -82.721443 	
58 	 135.216339 	 672.326111 	 -82.925476 	
59 	 117.187500 	 768.837341 	 -83.079704 	
