IMPEDANCE MEASUREMENT 
1:44:14.712 PM 2026-10-09
Chamber temperature (K): 295.96
Chamber pressure (MPa): 97.64
Description: 	Default
Driving voltage (V): 0.01
Start freq (Hz): 1E+6
Stop freq (Hz): 1E+2
# freq steps: 60
Index #	Frequency (Hz)	Impedance (ohms)	Phase (degrees)
0 	 1000078.125000 	 19.270569 	 34.469395 	
1 	 857765.625000 	 18.398817 	 30.537884 	
2 	 735703.125000 	 17.718973 	 26.821018 	
3 	 630984.375000 	 17.198271 	 23.320585 	
4 	 541171.875000 	 16.792475 	 20.151239 	
5 	 464203.125000 	 16.489679 	 17.233147 	
6 	 398109.375000 	 16.249962 	 14.590583 	
7 	 341484.375000 	 16.084976 	 12.245535 	
8 	 292921.875000 	 15.950017 	 10.071178 	
9 	 251203.140625 	 15.865291 	 8.100714 	
10 	 215484.375000 	 15.804379 	 6.271814 	
11 	 184828.125000 	 15.765654 	 4.618676 	
12 	 158578.125000 	 15.751185 	 3.058439 	
13 	 135984.375000 	 15.748081 	 1.603993 	
14 	 116671.867187 	 15.771255 	 0.191084 	
15 	 100078.125000 	 15.803510 	 -1.205821 	
16 	 85828.125000 	 15.847180 	 -2.597465 	
17 	 73640.625000 	 15.911017 	 -3.999739 	
18 	 63140.625000 	 15.996191 	 -5.453359 	
19 	 54140.625000 	 16.098501 	 -6.981815 	
20 	 46453.125000 	 16.229853 	 -8.579769 	
21 	 39890.625000 	 16.388771 	 -10.271545 	
22 	 34171.875000 	 16.581844 	 -12.121880 	
23 	 29296.875000 	 16.816820 	 -14.120139 	
24 	 25171.875000 	 17.094461 	 -16.237392 	
25 	 21609.375000 	 17.432909 	 -18.555149 	
26 	 18515.625000 	 17.853146 	 -21.114004 	
27 	 15890.625000 	 18.354326 	 -23.859468 	
28 	 13640.625000 	 18.963541 	 -26.828596 	
29 	 11671.875000 	 19.733021 	 -30.094328 	
30 	 10078.125000 	 20.618654 	 -33.338139 	
31 	 8578.125000 	 21.831989 	 -37.076054 	
32 	 7359.375488 	 23.253647 	 -40.770508 	
33 	 6328.125000 	 24.961430 	 -44.476929 	
34 	 5376.838379 	 27.223793 	 -48.415192 	
35 	 4641.543945 	 29.758089 	 -51.835377 	
36 	 3984.374756 	 32.857780 	 -55.321941 	
37 	 3421.875000 	 36.536549 	 -58.569008 	
38 	 2953.125000 	 40.767033 	 -61.465889 	
39 	 2527.573486 	 46.042831 	 -64.297981 	
40 	 2159.926514 	 52.335114 	 -66.889816 	
41 	 1847.956665 	 59.666668 	 -69.167839 	
42 	 1577.524048 	 68.425774 	 -71.187469 	
43 	 1359.375000 	 77.926514 	 -72.848457 	
44 	 1171.875000 	 89.019920 	 -74.407433 	
45 	 998.263855 	 102.908829 	 -75.833939 	
46 	 856.370239 	 118.168671 	 -77.028244 	
47 	 737.847229 	 135.566757 	 -78.027473 	
48 	 627.790161 	 157.201492 	 -78.903236 	
49 	 544.084778 	 179.879349 	 -79.698807 	
50 	 460.379456 	 209.847107 	 -80.394180 	
51 	 397.995270 	 240.380508 	 -80.939728 	
52 	 340.221771 	 278.304077 	 -81.450264 	
53 	 292.968750 	 319.839844 	 -81.663345 	
54 	 252.403839 	 367.866943 	 -82.045135 	
55 	 217.013885 	 423.917969 	 -82.377762 	
56 	 186.011902 	 489.959778 	 -82.658569 	
57 	 158.361496 	 569.876038 	 -82.914314 	
58 	 135.216339 	 661.014954 	 -83.111961 	
59 	 117.187500 	 756.002075 	 -83.275558 	
