IMPEDANCE MEASUREMENT 
11:17:31.282 AM 2026-10-09
Chamber temperature (K): 295.86
Chamber pressure (MPa): 25.38
Description: 	Default
Driving voltage (V): 0.01
Start freq (Hz): 1E+6
Stop freq (Hz): 1E+2
# freq steps: 60
Index #	Frequency (Hz)	Impedance (ohms)	Phase (degrees)
0 	 1000078.125000 	 19.717604 	 33.691486 	
1 	 857765.625000 	 18.860863 	 29.728439 	
2 	 735703.125000 	 18.198853 	 26.060486 	
3 	 630984.375000 	 17.684666 	 22.642624 	
4 	 541171.875000 	 17.291595 	 19.551361 	
5 	 464203.125000 	 17.009016 	 16.698011 	
6 	 398109.375000 	 16.776957 	 14.089874 	
7 	 341484.375000 	 16.605923 	 11.781268 	
8 	 292921.875000 	 16.487177 	 9.669497 	
9 	 251203.140625 	 16.391445 	 7.720871 	
10 	 215484.375000 	 16.336306 	 5.971210 	
11 	 184828.125000 	 16.307156 	 4.309316 	
12 	 158578.125000 	 16.298861 	 2.823825 	
13 	 135984.375000 	 16.293074 	 1.344490 	
14 	 116671.867187 	 16.313200 	 -0.078323 	
15 	 100078.125000 	 16.355286 	 -1.437796 	
16 	 85828.125000 	 16.402905 	 -2.819603 	
17 	 73640.625000 	 16.469780 	 -4.233727 	
18 	 63140.625000 	 16.559713 	 -5.689801 	
19 	 54140.625000 	 16.673016 	 -7.220314 	
20 	 46453.125000 	 16.809034 	 -8.833860 	
21 	 39890.625000 	 16.977699 	 -10.548322 	
22 	 34171.875000 	 17.181393 	 -12.429685 	
23 	 29296.875000 	 17.432507 	 -14.438848 	
24 	 25171.875000 	 17.728130 	 -16.586502 	
25 	 21609.375000 	 18.087261 	 -18.943062 	
26 	 18515.625000 	 18.530998 	 -21.534014 	
27 	 15890.625000 	 19.062983 	 -24.316067 	
28 	 13640.625000 	 19.711842 	 -27.332222 	
29 	 11671.875000 	 20.535315 	 -30.626049 	
30 	 10078.125000 	 21.478607 	 -33.908497 	
31 	 8578.125000 	 22.768152 	 -37.705540 	
32 	 7359.375488 	 24.287926 	 -41.418671 	
33 	 6328.125000 	 26.121361 	 -45.132198 	
34 	 5376.838379 	 28.540771 	 -49.101254 	
35 	 4641.543945 	 31.243063 	 -52.384769 	
36 	 3984.374756 	 34.533604 	 -55.880009 	
37 	 3421.875000 	 38.471977 	 -59.116405 	
38 	 2953.125000 	 43.008114 	 -61.989220 	
39 	 2527.573486 	 48.612350 	 -64.821754 	
40 	 2159.926514 	 55.301334 	 -67.333221 	
41 	 1847.956665 	 63.171658 	 -69.532524 	
42 	 1577.524048 	 72.445023 	 -71.557213 	
43 	 1359.375000 	 82.597580 	 -73.222664 	
44 	 1171.875000 	 94.407806 	 -74.737190 	
45 	 998.263855 	 109.053108 	 -76.040726 	
46 	 856.370239 	 125.501572 	 -77.146698 	
47 	 737.847229 	 143.890137 	 -78.150566 	
48 	 627.790161 	 167.036331 	 -79.040588 	
49 	 544.084778 	 190.909561 	 -79.653793 	
50 	 460.379456 	 222.893402 	 -80.408920 	
51 	 397.995270 	 255.288528 	 -80.915009 	
52 	 340.221771 	 295.526581 	 -81.381248 	
53 	 292.968750 	 339.540039 	 -81.546333 	
54 	 252.403839 	 390.438538 	 -81.889641 	
55 	 217.013885 	 449.776764 	 -82.188858 	
56 	 186.011902 	 519.562866 	 -82.440018 	
57 	 158.361496 	 604.176270 	 -82.646561 	
58 	 135.216339 	 700.389709 	 -82.809860 	
59 	 117.187500 	 800.615784 	 -82.934547 	
