IMPEDANCE MEASUREMENT 
12:28:06.714 PM 2026-10-09
Chamber temperature (K): 295.94
Chamber pressure (MPa): 150.73
Description: 	Default
Driving voltage (V): 0.01
Start freq (Hz): 1E+6
Stop freq (Hz): 1E+2
# freq steps: 60
Index #	Frequency (Hz)	Impedance (ohms)	Phase (degrees)
0 	 1000078.125000 	 19.082220 	 34.909515 	
1 	 857765.625000 	 18.209625 	 30.905872 	
2 	 735703.125000 	 17.529125 	 27.139841 	
3 	 630984.375000 	 16.994940 	 23.628159 	
4 	 541171.875000 	 16.598413 	 20.412846 	
5 	 464203.125000 	 16.290924 	 17.468405 	
6 	 398109.375000 	 16.046633 	 14.801626 	
7 	 341484.375000 	 15.866563 	 12.378345 	
8 	 292921.875000 	 15.746318 	 10.198029 	
9 	 251203.140625 	 15.648504 	 8.176404 	
10 	 215484.375000 	 15.592966 	 6.348391 	
11 	 184828.125000 	 15.551198 	 4.679094 	
12 	 158578.125000 	 15.537883 	 3.081637 	
13 	 135984.375000 	 15.541409 	 1.612990 	
14 	 116671.867187 	 15.556732 	 0.178691 	
15 	 100078.125000 	 15.588957 	 -1.273764 	
16 	 85828.125000 	 15.638782 	 -2.665906 	
17 	 73640.625000 	 15.702353 	 -4.110911 	
18 	 63140.625000 	 15.786127 	 -5.606496 	
19 	 54140.625000 	 15.896683 	 -7.160449 	
20 	 46453.125000 	 16.024906 	 -8.788311 	
21 	 39890.625000 	 16.184441 	 -10.516834 	
22 	 34171.875000 	 16.381996 	 -12.394663 	
23 	 29296.875000 	 16.625526 	 -14.430471 	
24 	 25171.875000 	 16.900560 	 -16.581758 	
25 	 21609.375000 	 17.246710 	 -18.961691 	
26 	 18515.625000 	 17.671040 	 -21.563047 	
27 	 15890.625000 	 18.185900 	 -24.352703 	
28 	 13640.625000 	 18.809261 	 -27.369331 	
29 	 11671.875000 	 19.595430 	 -30.681131 	
30 	 10078.125000 	 20.504431 	 -33.969646 	
31 	 8578.125000 	 21.748686 	 -37.767223 	
32 	 7359.375488 	 23.200628 	 -41.462139 	
33 	 6328.125000 	 24.951857 	 -45.164558 	
34 	 5376.838379 	 27.267784 	 -49.105667 	
35 	 4641.543945 	 29.856562 	 -52.512035 	
36 	 3984.374756 	 33.015423 	 -55.923664 	
37 	 3421.875000 	 36.769722 	 -59.122849 	
38 	 2953.125000 	 41.102833 	 -62.040550 	
39 	 2527.573486 	 46.418690 	 -64.754395 	
40 	 2159.926514 	 52.818462 	 -67.310272 	
41 	 1847.956665 	 60.265755 	 -69.520241 	
42 	 1577.524048 	 69.100014 	 -71.510498 	
43 	 1359.375000 	 78.837891 	 -73.171799 	
44 	 1171.875000 	 90.037262 	 -74.716660 	
45 	 998.263855 	 104.099930 	 -76.025154 	
46 	 856.370239 	 119.719055 	 -77.192612 	
47 	 737.847229 	 137.296646 	 -78.215996 	
48 	 627.790161 	 159.392014 	 -79.113083 	
49 	 544.084778 	 182.274246 	 -79.831947 	
50 	 460.379456 	 212.573761 	 -80.513443 	
51 	 397.995270 	 243.505203 	 -81.044731 	
52 	 340.221771 	 281.960205 	 -81.529503 	
53 	 292.968750 	 323.978302 	 -81.720032 	
54 	 252.403839 	 372.699249 	 -82.083229 	
55 	 217.013885 	 429.504883 	 -82.401428 	
56 	 186.011902 	 496.418915 	 -82.673035 	
57 	 158.361496 	 577.362793 	 -82.903358 	
58 	 135.216339 	 669.718201 	 -83.094116 	
59 	 117.187500 	 765.911743 	 -83.248055 	
