IMPEDANCE MEASUREMENT 
1:58:17.867 PM 2026-10-09
Chamber temperature (K): 295.96
Chamber pressure (MPa): 75.56
Description: 	Default
Driving voltage (V): 0.01
Start freq (Hz): 1E+6
Stop freq (Hz): 1E+2
# freq steps: 60
Index #	Frequency (Hz)	Impedance (ohms)	Phase (degrees)
0 	 1000078.125000 	 19.378469 	 34.257118 	
1 	 857765.625000 	 18.513742 	 30.310663 	
2 	 735703.125000 	 17.835180 	 26.612181 	
3 	 630984.375000 	 17.325411 	 23.160423 	
4 	 541171.875000 	 16.921095 	 19.986704 	
5 	 464203.125000 	 16.610083 	 17.097115 	
6 	 398109.375000 	 16.383228 	 14.498204 	
7 	 341484.375000 	 16.213078 	 12.103605 	
8 	 292921.875000 	 16.085999 	 9.965767 	
9 	 251203.140625 	 15.991852 	 8.024586 	
10 	 215484.375000 	 15.935378 	 6.221990 	
11 	 184828.125000 	 15.906729 	 4.578784 	
12 	 158578.125000 	 15.884243 	 3.036103 	
13 	 135984.375000 	 15.885122 	 1.556697 	
14 	 116671.867187 	 15.902522 	 0.158871 	
15 	 100078.125000 	 15.936869 	 -1.220712 	
16 	 85828.125000 	 15.984972 	 -2.604643 	
17 	 73640.625000 	 16.048330 	 -4.007846 	
18 	 63140.625000 	 16.133068 	 -5.456433 	
19 	 54140.625000 	 16.238056 	 -6.974609 	
20 	 46453.125000 	 16.368160 	 -8.566473 	
21 	 39890.625000 	 16.528128 	 -10.261020 	
22 	 34171.875000 	 16.722839 	 -12.094902 	
23 	 29296.875000 	 16.959024 	 -14.081615 	
24 	 25171.875000 	 17.239622 	 -16.199669 	
25 	 21609.375000 	 17.577778 	 -18.515295 	
26 	 18515.625000 	 17.996359 	 -21.056808 	
27 	 15890.625000 	 18.497948 	 -23.806932 	
28 	 13640.625000 	 19.111010 	 -26.755674 	
29 	 11671.875000 	 19.881535 	 -29.978178 	
30 	 10078.125000 	 20.778099 	 -33.251663 	
31 	 8578.125000 	 21.984528 	 -37.003426 	
32 	 7359.375488 	 23.410755 	 -40.674095 	
33 	 6328.125000 	 25.132002 	 -44.363998 	
34 	 5376.838379 	 27.415880 	 -48.314289 	
35 	 4641.543945 	 29.936083 	 -51.732624 	
36 	 3984.374756 	 33.054462 	 -55.213223 	
37 	 3421.875000 	 36.768021 	 -58.442673 	
38 	 2953.125000 	 41.012737 	 -61.364197 	
39 	 2527.573486 	 46.295101 	 -64.222847 	
40 	 2159.926514 	 52.600834 	 -66.816124 	
41 	 1847.956665 	 59.971962 	 -69.102188 	
42 	 1577.524048 	 68.739349 	 -71.122681 	
43 	 1359.375000 	 78.352615 	 -72.824165 	
44 	 1171.875000 	 89.415649 	 -74.343658 	
45 	 998.263855 	 103.330612 	 -75.762871 	
46 	 856.370239 	 118.787209 	 -76.925476 	
47 	 737.847229 	 136.139145 	 -77.956978 	
48 	 627.790161 	 158.114853 	 -78.965683 	
49 	 544.084778 	 180.766129 	 -79.631310 	
50 	 460.379456 	 210.868591 	 -80.356743 	
51 	 397.995270 	 241.527100 	 -80.907082 	
52 	 340.221771 	 279.654236 	 -81.420128 	
53 	 292.968750 	 321.347321 	 -81.628212 	
54 	 252.403839 	 369.631348 	 -82.009476 	
55 	 217.013885 	 425.867889 	 -82.343102 	
56 	 186.011902 	 492.230133 	 -82.630257 	
57 	 158.361496 	 572.476318 	 -82.882545 	
58 	 135.216339 	 663.903442 	 -83.079651 	
59 	 117.187500 	 759.420837 	 -83.227150 	
