IMPEDANCE MEASUREMENT 
1:10:06.258 PM 2026-10-09
Chamber temperature (K): 295.97
Chamber pressure (MPa): 155.86
Description: 	Default
Driving voltage (V): 0.01
Start freq (Hz): 1E+6
Stop freq (Hz): 1E+2
# freq steps: 60
Index #	Frequency (Hz)	Impedance (ohms)	Phase (degrees)
0 	 1000078.125000 	 19.122593 	 34.810577 	
1 	 857765.625000 	 18.248726 	 30.857370 	
2 	 735703.125000 	 17.571087 	 27.073210 	
3 	 630984.375000 	 17.035801 	 23.592495 	
4 	 541171.875000 	 16.626400 	 20.368322 	
5 	 464203.125000 	 16.313730 	 17.441441 	
6 	 398109.375000 	 16.087284 	 14.784254 	
7 	 341484.375000 	 15.907695 	 12.359192 	
8 	 292921.875000 	 15.781795 	 10.192314 	
9 	 251203.140625 	 15.693284 	 8.219314 	
10 	 215484.375000 	 15.629591 	 6.371643 	
11 	 184828.125000 	 15.593218 	 4.699963 	
12 	 158578.125000 	 15.575321 	 3.145854 	
13 	 135984.375000 	 15.563052 	 1.622300 	
14 	 116671.867187 	 15.590590 	 0.238735 	
15 	 100078.125000 	 15.623309 	 -1.172868 	
16 	 85828.125000 	 15.666262 	 -2.559414 	
17 	 73640.625000 	 15.732751 	 -3.981617 	
18 	 63140.625000 	 15.817060 	 -5.460075 	
19 	 54140.625000 	 15.917937 	 -6.984668 	
20 	 46453.125000 	 16.050825 	 -8.579301 	
21 	 39890.625000 	 16.202738 	 -10.302054 	
22 	 34171.875000 	 16.395206 	 -12.154344 	
23 	 29296.875000 	 16.626852 	 -14.138585 	
24 	 25171.875000 	 16.902746 	 -16.292604 	
25 	 21609.375000 	 17.238821 	 -18.624189 	
26 	 18515.625000 	 17.653360 	 -21.188971 	
27 	 15890.625000 	 18.152437 	 -23.931000 	
28 	 13640.625000 	 18.760746 	 -26.921343 	
29 	 11671.875000 	 19.523579 	 -30.181486 	
30 	 10078.125000 	 20.405104 	 -33.454197 	
31 	 8578.125000 	 21.610741 	 -37.208397 	
32 	 7359.375488 	 23.023565 	 -40.899715 	
33 	 6328.125000 	 24.730043 	 -44.567722 	
34 	 5376.838379 	 26.979115 	 -48.542240 	
35 	 4641.543945 	 29.497940 	 -51.915989 	
36 	 3984.374756 	 32.562645 	 -55.393528 	
37 	 3421.875000 	 36.217937 	 -58.661358 	
38 	 2953.125000 	 40.428654 	 -61.535633 	
39 	 2527.573486 	 45.654442 	 -64.351753 	
40 	 2159.926514 	 51.907715 	 -66.937920 	
41 	 1847.956665 	 59.195679 	 -69.204933 	
42 	 1577.524048 	 67.864891 	 -71.262840 	
43 	 1359.375000 	 77.371758 	 -72.924980 	
44 	 1171.875000 	 88.272614 	 -74.446136 	
45 	 998.263855 	 102.084267 	 -75.837952 	
46 	 856.370239 	 117.500168 	 -77.056526 	
47 	 737.847229 	 134.493988 	 -78.086983 	
48 	 627.790161 	 156.408463 	 -78.960320 	
49 	 544.084778 	 178.348358 	 -79.673798 	
50 	 460.379456 	 208.365891 	 -80.446175 	
51 	 397.995270 	 238.676453 	 -80.992187 	
52 	 340.221771 	 276.371643 	 -81.502640 	
53 	 292.968750 	 317.550385 	 -81.709656 	
54 	 252.403839 	 365.340179 	 -82.091858 	
55 	 217.013885 	 421.015808 	 -82.420624 	
56 	 186.011902 	 486.627472 	 -82.706322 	
57 	 158.361496 	 566.082581 	 -82.954269 	
58 	 135.216339 	 656.783936 	 -83.154541 	
59 	 117.187500 	 751.309692 	 -83.309151 	
