IMPEDANCE MEASUREMENT 
1:59:11.330 PM 2026-10-09
Chamber temperature (K): 295.96
Chamber pressure (MPa): 75.65
Description: 	Default
Driving voltage (V): 0.01
Start freq (Hz): 1E+6
Stop freq (Hz): 1E+2
# freq steps: 60
Index #	Frequency (Hz)	Impedance (ohms)	Phase (degrees)
0 	 1000078.125000 	 19.367878 	 34.327244 	
1 	 857765.625000 	 18.520555 	 30.325678 	
2 	 735703.125000 	 17.836618 	 26.617580 	
3 	 630984.375000 	 17.322203 	 23.155062 	
4 	 541171.875000 	 16.916389 	 20.000387 	
5 	 464203.125000 	 16.614645 	 17.112598 	
6 	 398109.375000 	 16.383169 	 14.498693 	
7 	 341484.375000 	 16.208309 	 12.108610 	
8 	 292921.875000 	 16.086718 	 9.986588 	
9 	 251203.140625 	 15.992514 	 8.005304 	
10 	 215484.375000 	 15.935115 	 6.204348 	
11 	 184828.125000 	 15.897156 	 4.581684 	
12 	 158578.125000 	 15.882432 	 3.025022 	
13 	 135984.375000 	 15.887099 	 1.560287 	
14 	 116671.867187 	 15.902546 	 0.135807 	
15 	 100078.125000 	 15.939641 	 -1.223086 	
16 	 85828.125000 	 15.980011 	 -2.611002 	
17 	 73640.625000 	 16.046301 	 -4.014091 	
18 	 63140.625000 	 16.131277 	 -5.468868 	
19 	 54140.625000 	 16.236332 	 -6.984010 	
20 	 46453.125000 	 16.367891 	 -8.577502 	
21 	 39890.625000 	 16.523914 	 -10.256480 	
22 	 34171.875000 	 16.718962 	 -12.091089 	
23 	 29296.875000 	 16.958006 	 -14.078399 	
24 	 25171.875000 	 17.238680 	 -16.206858 	
25 	 21609.375000 	 17.574486 	 -18.516567 	
26 	 18515.625000 	 17.995560 	 -21.059238 	
27 	 15890.625000 	 18.498484 	 -23.799761 	
28 	 13640.625000 	 19.113319 	 -26.762751 	
29 	 11671.875000 	 19.883453 	 -29.998747 	
30 	 10078.125000 	 20.770956 	 -33.246021 	
31 	 8578.125000 	 21.980396 	 -36.994720 	
32 	 7359.375488 	 23.408525 	 -40.691631 	
33 	 6328.125000 	 25.128323 	 -44.373604 	
34 	 5376.838379 	 27.407278 	 -48.326492 	
35 	 4641.543945 	 29.943474 	 -51.738300 	
36 	 3984.374756 	 33.064682 	 -55.206268 	
37 	 3421.875000 	 36.765606 	 -58.475609 	
38 	 2953.125000 	 41.046551 	 -61.380684 	
39 	 2527.573486 	 46.310760 	 -64.231377 	
40 	 2159.926514 	 52.632660 	 -66.801743 	
41 	 1847.956665 	 60.015610 	 -69.101776 	
42 	 1577.524048 	 68.758698 	 -71.128387 	
43 	 1359.375000 	 78.372589 	 -72.863564 	
44 	 1171.875000 	 89.513771 	 -74.338081 	
45 	 998.263855 	 103.466682 	 -75.780846 	
46 	 856.370239 	 118.794090 	 -76.974411 	
47 	 737.847229 	 136.338806 	 -77.968872 	
48 	 627.790161 	 158.133881 	 -78.888916 	
49 	 544.084778 	 180.642242 	 -79.629776 	
50 	 460.379456 	 210.889725 	 -80.357574 	
51 	 397.995270 	 241.566360 	 -80.906868 	
52 	 340.221771 	 279.672211 	 -81.419167 	
53 	 292.968750 	 321.392670 	 -81.626740 	
54 	 252.403839 	 369.661652 	 -82.009628 	
55 	 217.013885 	 425.986389 	 -82.347626 	
56 	 186.011902 	 492.269226 	 -82.626602 	
57 	 158.361496 	 572.513855 	 -82.871735 	
58 	 135.216339 	 664.010864 	 -83.075844 	
59 	 117.187500 	 759.544495 	 -83.223495 	
