IMPEDANCE MEASUREMENT 
12:01:04.858 PM 2026-10-09
Chamber temperature (K): 295.91
Chamber pressure (MPa): 101.37
Description: 	Default
Driving voltage (V): 0.01
Start freq (Hz): 1E+6
Stop freq (Hz): 1E+2
# freq steps: 60
Index #	Frequency (Hz)	Impedance (ohms)	Phase (degrees)
0 	 1000078.125000 	 19.271009 	 34.322914 	
1 	 857765.625000 	 18.397829 	 30.397123 	
2 	 735703.125000 	 17.723373 	 26.682150 	
3 	 630984.375000 	 17.204298 	 23.229048 	
4 	 541171.875000 	 16.787670 	 20.094973 	
5 	 464203.125000 	 16.473110 	 17.212780 	
6 	 398109.375000 	 16.237101 	 14.583735 	
7 	 341484.375000 	 16.059963 	 12.164134 	
8 	 292921.875000 	 15.935098 	 9.980405 	
9 	 251203.140625 	 15.838883 	 8.027477 	
10 	 215484.375000 	 15.783526 	 6.218432 	
11 	 184828.125000 	 15.751797 	 4.539742 	
12 	 158578.125000 	 15.728522 	 2.977016 	
13 	 135984.375000 	 15.730283 	 1.493528 	
14 	 116671.867187 	 15.753423 	 0.041519 	
15 	 100078.125000 	 15.783240 	 -1.366442 	
16 	 85828.125000 	 15.832474 	 -2.779031 	
17 	 73640.625000 	 15.898314 	 -4.218318 	
18 	 63140.625000 	 15.988616 	 -5.686760 	
19 	 54140.625000 	 16.095615 	 -7.237464 	
20 	 46453.125000 	 16.228807 	 -8.870947 	
21 	 39890.625000 	 16.394037 	 -10.615348 	
22 	 34171.875000 	 16.597895 	 -12.502868 	
23 	 29296.875000 	 16.840528 	 -14.522609 	
24 	 25171.875000 	 17.130320 	 -16.694990 	
25 	 21609.375000 	 17.480255 	 -19.073723 	
26 	 18515.625000 	 17.910191 	 -21.695364 	
27 	 15890.625000 	 18.433161 	 -24.492146 	
28 	 13640.625000 	 19.074266 	 -27.508759 	
29 	 11671.875000 	 19.873875 	 -30.831888 	
30 	 10078.125000 	 20.808905 	 -34.127789 	
31 	 8578.125000 	 22.064871 	 -37.936531 	
32 	 7359.375488 	 23.556129 	 -41.637455 	
33 	 6328.125000 	 25.344469 	 -45.318951 	
34 	 5376.838379 	 27.710705 	 -49.297729 	
35 	 4641.543945 	 30.345619 	 -52.605583 	
36 	 3984.374756 	 33.581249 	 -56.038044 	
37 	 3421.875000 	 37.425278 	 -59.238567 	
38 	 2953.125000 	 41.805843 	 -62.151142 	
39 	 2527.573486 	 47.271622 	 -64.898956 	
40 	 2159.926514 	 53.751144 	 -67.377380 	
41 	 1847.956665 	 61.413490 	 -69.634529 	
42 	 1577.524048 	 70.413139 	 -71.640396 	
43 	 1359.375000 	 80.274864 	 -73.263763 	
44 	 1171.875000 	 91.758980 	 -74.753082 	
45 	 998.263855 	 106.129677 	 -76.081154 	
46 	 856.370239 	 122.064659 	 -77.208023 	
47 	 737.847229 	 139.902069 	 -78.189873 	
48 	 627.790161 	 162.582306 	 -79.119148 	
49 	 544.084778 	 185.584625 	 -79.739502 	
50 	 460.379456 	 216.658905 	 -80.461258 	
51 	 397.995270 	 248.156418 	 -80.977676 	
52 	 340.221771 	 287.320465 	 -81.456772 	
53 	 292.968750 	 330.154022 	 -81.626511 	
54 	 252.403839 	 379.637421 	 -81.981613 	
55 	 217.013885 	 437.358368 	 -82.288971 	
56 	 186.011902 	 505.324219 	 -82.548637 	
57 	 158.361496 	 587.540527 	 -82.773705 	
58 	 135.216339 	 681.158447 	 -82.945808 	
59 	 117.187500 	 778.760071 	 -83.074684 	
