IMPEDANCE MEASUREMENT 
1:26:49.061 PM 2026-10-09
Chamber temperature (K): 295.96
Chamber pressure (MPa): 125.36
Description: 	Default
Driving voltage (V): 0.01
Start freq (Hz): 1E+6
Stop freq (Hz): 1E+2
# freq steps: 60
Index #	Frequency (Hz)	Impedance (ohms)	Phase (degrees)
0 	 1000078.125000 	 19.182013 	 34.658878 	
1 	 857765.625000 	 18.310913 	 30.689497 	
2 	 735703.125000 	 17.618416 	 26.952465 	
3 	 630984.375000 	 17.100002 	 23.459297 	
4 	 541171.875000 	 16.696840 	 20.260727 	
5 	 464203.125000 	 16.387045 	 17.355280 	
6 	 398109.375000 	 16.151176 	 14.713968 	
7 	 341484.375000 	 15.977080 	 12.291035 	
8 	 292921.875000 	 15.849662 	 10.133114 	
9 	 251203.140625 	 15.767878 	 8.158517 	
10 	 215484.375000 	 15.700544 	 6.351756 	
11 	 184828.125000 	 15.657654 	 4.679925 	
12 	 158578.125000 	 15.634008 	 3.097859 	
13 	 135984.375000 	 15.643517 	 1.621052 	
14 	 116671.867187 	 15.660159 	 0.178885 	
15 	 100078.125000 	 15.695500 	 -1.182424 	
16 	 85828.125000 	 15.741956 	 -2.586198 	
17 	 73640.625000 	 15.803740 	 -3.994658 	
18 	 63140.625000 	 15.886755 	 -5.454643 	
19 	 54140.625000 	 15.991489 	 -6.986442 	
20 	 46453.125000 	 16.119049 	 -8.581772 	
21 	 39890.625000 	 16.272902 	 -10.287905 	
22 	 34171.875000 	 16.470289 	 -12.145481 	
23 	 29296.875000 	 16.702929 	 -14.141356 	
24 	 25171.875000 	 16.981943 	 -16.253250 	
25 	 21609.375000 	 17.317692 	 -18.584908 	
26 	 18515.625000 	 17.733828 	 -21.153944 	
27 	 15890.625000 	 18.233564 	 -23.909369 	
28 	 13640.625000 	 18.839325 	 -26.869240 	
29 	 11671.875000 	 19.606253 	 -30.140430 	
30 	 10078.125000 	 20.486662 	 -33.399570 	
31 	 8578.125000 	 21.695616 	 -37.158859 	
32 	 7359.375488 	 23.114935 	 -40.837181 	
33 	 6328.125000 	 24.817329 	 -44.521343 	
34 	 5376.838379 	 27.082027 	 -48.481689 	
35 	 4641.543945 	 29.590544 	 -51.904011 	
36 	 3984.374756 	 32.667439 	 -55.347431 	
37 	 3421.875000 	 36.351105 	 -58.622276 	
38 	 2953.125000 	 40.576420 	 -61.509602 	
39 	 2527.573486 	 45.832436 	 -64.338142 	
40 	 2159.926514 	 52.065857 	 -66.921974 	
41 	 1847.956665 	 59.374973 	 -69.184120 	
42 	 1577.524048 	 68.039108 	 -71.249756 	
43 	 1359.375000 	 77.594528 	 -72.890099 	
44 	 1171.875000 	 88.523743 	 -74.430817 	
45 	 998.263855 	 102.343773 	 -75.826538 	
46 	 856.370239 	 117.735786 	 -77.043678 	
47 	 737.847229 	 134.946960 	 -78.017807 	
48 	 627.790161 	 156.608215 	 -78.944504 	
49 	 544.084778 	 179.025650 	 -79.655807 	
50 	 460.379456 	 208.912552 	 -80.424599 	
51 	 397.995270 	 239.304016 	 -80.971840 	
52 	 340.221771 	 277.089630 	 -81.483482 	
53 	 292.968750 	 318.385437 	 -81.690155 	
54 	 252.403839 	 366.257233 	 -82.073677 	
55 	 217.013885 	 422.104950 	 -82.404572 	
56 	 186.011902 	 487.790100 	 -82.689575 	
57 	 158.361496 	 567.422791 	 -82.948814 	
58 	 135.216339 	 658.248779 	 -83.145073 	
59 	 117.187500 	 752.807556 	 -83.296631 	
