IMPEDANCE MEASUREMENT 
12:56:20.354 PM 2026-10-09
Chamber temperature (K): 295.97
Chamber pressure (MPa): 199.53
Description: 	Default
Driving voltage (V): 0.01
Start freq (Hz): 1E+6
Stop freq (Hz): 1E+2
# freq steps: 60
Index #	Frequency (Hz)	Impedance (ohms)	Phase (degrees)
0 	 1000078.125000 	 19.036695 	 35.029640 	
1 	 857765.625000 	 18.155102 	 31.043686 	
2 	 735703.125000 	 17.467310 	 27.254547 	
3 	 630984.375000 	 16.934725 	 23.749556 	
4 	 541171.875000 	 16.531204 	 20.525082 	
5 	 464203.125000 	 16.214149 	 17.564955 	
6 	 398109.375000 	 15.979076 	 14.909904 	
7 	 341484.375000 	 15.804296 	 12.478758 	
8 	 292921.875000 	 15.671635 	 10.272848 	
9 	 251203.140625 	 15.579708 	 8.276789 	
10 	 215484.375000 	 15.515463 	 6.441175 	
11 	 184828.125000 	 15.487212 	 4.768608 	
12 	 158578.125000 	 15.459626 	 3.193047 	
13 	 135984.375000 	 15.463939 	 1.682486 	
14 	 116671.867187 	 15.480291 	 0.248692 	
15 	 100078.125000 	 15.509826 	 -1.158593 	
16 	 85828.125000 	 15.558384 	 -2.578252 	
17 	 73640.625000 	 15.618194 	 -3.994188 	
18 	 63140.625000 	 15.701898 	 -5.462559 	
19 	 54140.625000 	 15.808971 	 -7.004910 	
20 	 46453.125000 	 15.936755 	 -8.621962 	
21 	 39890.625000 	 16.091829 	 -10.340878 	
22 	 34171.875000 	 16.284039 	 -12.203428 	
23 	 29296.875000 	 16.514988 	 -14.193707 	
24 	 25171.875000 	 16.792597 	 -16.334917 	
25 	 21609.375000 	 17.124344 	 -18.677259 	
26 	 18515.625000 	 17.538086 	 -21.256191 	
27 	 15890.625000 	 18.038681 	 -24.012276 	
28 	 13640.625000 	 18.647703 	 -27.013994 	
29 	 11671.875000 	 19.406084 	 -30.280880 	
30 	 10078.125000 	 20.298912 	 -33.558594 	
31 	 8578.125000 	 21.495359 	 -37.318138 	
32 	 7359.375488 	 22.910774 	 -41.018948 	
33 	 6328.125000 	 24.614746 	 -44.685612 	
34 	 5376.838379 	 26.874969 	 -48.630444 	
35 	 4641.543945 	 29.383514 	 -52.004475 	
36 	 3984.374756 	 32.463696 	 -55.516068 	
37 	 3421.875000 	 36.107559 	 -58.733418 	
38 	 2953.125000 	 40.318607 	 -61.635853 	
39 	 2527.573486 	 45.535366 	 -64.388054 	
40 	 2159.926514 	 51.762989 	 -66.996338 	
41 	 1847.956665 	 59.034492 	 -69.256058 	
42 	 1577.524048 	 67.649223 	 -71.278542 	
43 	 1359.375000 	 77.108551 	 -72.971825 	
44 	 1171.875000 	 88.040611 	 -74.505547 	
45 	 998.263855 	 101.732994 	 -75.881462 	
46 	 856.370239 	 116.970932 	 -77.058846 	
47 	 737.847229 	 134.175476 	 -78.055000 	
48 	 627.790161 	 155.920273 	 -78.995834 	
49 	 544.084778 	 177.883530 	 -79.692818 	
50 	 460.379456 	 207.768005 	 -80.430443 	
51 	 397.995270 	 238.006821 	 -80.975258 	
52 	 340.221771 	 275.611816 	 -81.479019 	
53 	 292.968750 	 316.650360 	 -81.679604 	
54 	 252.403839 	 364.256592 	 -82.053375 	
55 	 217.013885 	 419.808960 	 -82.375481 	
56 	 186.011902 	 485.159027 	 -82.660439 	
57 	 158.361496 	 564.312988 	 -82.901306 	
58 	 135.216339 	 654.708557 	 -83.096390 	
59 	 117.187500 	 748.740906 	 -83.254860 	
