IMPEDANCE MEASUREMENT 
12:15:18.362 PM 2026-10-09
Chamber temperature (K): 295.92
Chamber pressure (MPa): 124.92
Description: 	Default
Driving voltage (V): 0.01
Start freq (Hz): 1E+6
Stop freq (Hz): 1E+2
# freq steps: 60
Index #	Frequency (Hz)	Impedance (ohms)	Phase (degrees)
0 	 1000078.125000 	 19.152700 	 34.786098 	
1 	 857765.625000 	 18.284830 	 30.757738 	
2 	 735703.125000 	 17.602289 	 26.990311 	
3 	 630984.375000 	 17.080704 	 23.515684 	
4 	 541171.875000 	 16.676088 	 20.273804 	
5 	 464203.125000 	 16.368391 	 17.354132 	
6 	 398109.375000 	 16.134657 	 14.698238 	
7 	 341484.375000 	 15.956482 	 12.278629 	
8 	 292921.875000 	 15.831875 	 10.103662 	
9 	 251203.140625 	 15.740979 	 8.124894 	
10 	 215484.375000 	 15.684450 	 6.291651 	
11 	 184828.125000 	 15.641187 	 4.610690 	
12 	 158578.125000 	 15.621045 	 3.051538 	
13 	 135984.375000 	 15.626374 	 1.548623 	
14 	 116671.867187 	 15.640343 	 0.126453 	
15 	 100078.125000 	 15.675846 	 -1.295748 	
16 	 85828.125000 	 15.729813 	 -2.702849 	
17 	 73640.625000 	 15.792976 	 -4.153740 	
18 	 63140.625000 	 15.881180 	 -5.641621 	
19 	 54140.625000 	 15.986494 	 -7.198529 	
20 	 46453.125000 	 16.116657 	 -8.832881 	
21 	 39890.625000 	 16.285448 	 -10.556374 	
22 	 34171.875000 	 16.481802 	 -12.449148 	
23 	 29296.875000 	 16.723154 	 -14.470903 	
24 	 25171.875000 	 17.007111 	 -16.646263 	
25 	 21609.375000 	 17.352659 	 -19.010590 	
26 	 18515.625000 	 17.783749 	 -21.621367 	
27 	 15890.625000 	 18.304161 	 -24.433027 	
28 	 13640.625000 	 18.932924 	 -27.459997 	
29 	 11671.875000 	 19.724787 	 -30.767176 	
30 	 10078.125000 	 20.645121 	 -34.052250 	
31 	 8578.125000 	 21.892866 	 -37.849144 	
32 	 7359.375488 	 23.367683 	 -41.558693 	
33 	 6328.125000 	 25.150614 	 -45.259415 	
34 	 5376.838379 	 27.481354 	 -49.200020 	
35 	 4641.543945 	 30.095512 	 -52.531559 	
36 	 3984.374756 	 33.261456 	 -55.992081 	
37 	 3421.875000 	 37.080067 	 -59.165916 	
38 	 2953.125000 	 41.437794 	 -62.024364 	
39 	 2527.573486 	 46.850567 	 -64.763229 	
40 	 2159.926514 	 53.296494 	 -67.329971 	
41 	 1847.956665 	 60.779427 	 -69.560417 	
42 	 1577.524048 	 69.764847 	 -71.564041 	
43 	 1359.375000 	 79.509560 	 -73.227371 	
44 	 1171.875000 	 90.907578 	 -74.670609 	
45 	 998.263855 	 104.966774 	 -76.080215 	
46 	 856.370239 	 120.748131 	 -77.160736 	
47 	 737.847229 	 138.508041 	 -78.087227 	
48 	 627.790161 	 160.881454 	 -79.021736 	
49 	 544.084778 	 183.687820 	 -79.719185 	
50 	 460.379456 	 214.419296 	 -80.432442 	
51 	 397.995270 	 245.568634 	 -80.945564 	
52 	 340.221771 	 284.300629 	 -81.421921 	
53 	 292.968750 	 326.627563 	 -81.595627 	
54 	 252.403839 	 375.645630 	 -81.950554 	
55 	 217.013885 	 432.779480 	 -82.252800 	
56 	 186.011902 	 500.006927 	 -82.516060 	
57 	 158.361496 	 581.414673 	 -82.741264 	
58 	 135.216339 	 674.108032 	 -82.924728 	
59 	 117.187500 	 770.768738 	 -83.049263 	
