IMPEDANCE MEASUREMENT 
12:57:13.914 PM 2026-10-09
Chamber temperature (K): 295.97
Chamber pressure (MPa): 199.27
Description: 	Default
Driving voltage (V): 0.01
Start freq (Hz): 1E+6
Stop freq (Hz): 1E+2
# freq steps: 60
Index #	Frequency (Hz)	Impedance (ohms)	Phase (degrees)
0 	 1000078.125000 	 19.036201 	 34.994347 	
1 	 857765.625000 	 18.159845 	 31.026470 	
2 	 735703.125000 	 17.473318 	 27.252899 	
3 	 630984.375000 	 16.936668 	 23.743179 	
4 	 541171.875000 	 16.524593 	 20.517563 	
5 	 464203.125000 	 16.212233 	 17.600042 	
6 	 398109.375000 	 15.985388 	 14.895700 	
7 	 341484.375000 	 15.807940 	 12.479267 	
8 	 292921.875000 	 15.679691 	 10.286060 	
9 	 251203.140625 	 15.581861 	 8.264558 	
10 	 215484.375000 	 15.517817 	 6.446510 	
11 	 184828.125000 	 15.485655 	 4.750499 	
12 	 158578.125000 	 15.469702 	 3.186519 	
13 	 135984.375000 	 15.465393 	 1.686290 	
14 	 116671.867187 	 15.485002 	 0.233101 	
15 	 100078.125000 	 15.513982 	 -1.161391 	
16 	 85828.125000 	 15.558926 	 -2.556562 	
17 	 73640.625000 	 15.625373 	 -3.985919 	
18 	 63140.625000 	 15.706035 	 -5.461902 	
19 	 54140.625000 	 15.809170 	 -6.993913 	
20 	 46453.125000 	 15.936666 	 -8.615683 	
21 	 39890.625000 	 16.093103 	 -10.323803 	
22 	 34171.875000 	 16.284288 	 -12.180463 	
23 	 29296.875000 	 16.517956 	 -14.194877 	
24 	 25171.875000 	 16.793341 	 -16.331669 	
25 	 21609.375000 	 17.128948 	 -18.665066 	
26 	 18515.625000 	 17.541784 	 -21.248831 	
27 	 15890.625000 	 18.042103 	 -24.026886 	
28 	 13640.625000 	 18.647041 	 -26.994282 	
29 	 11671.875000 	 19.416155 	 -30.273609 	
30 	 10078.125000 	 20.300232 	 -33.549389 	
31 	 8578.125000 	 21.493702 	 -37.306698 	
32 	 7359.375488 	 22.914677 	 -40.999226 	
33 	 6328.125000 	 24.617355 	 -44.686367 	
34 	 5376.838379 	 26.863710 	 -48.643787 	
35 	 4641.543945 	 29.365650 	 -52.031731 	
36 	 3984.374756 	 32.450085 	 -55.502384 	
37 	 3421.875000 	 36.146595 	 -58.680141 	
38 	 2953.125000 	 40.312923 	 -61.591000 	
39 	 2527.573486 	 45.529251 	 -64.422180 	
40 	 2159.926514 	 51.775188 	 -66.978806 	
41 	 1847.956665 	 59.043449 	 -69.218941 	
42 	 1577.524048 	 67.635757 	 -71.270958 	
43 	 1359.375000 	 77.091705 	 -72.970009 	
44 	 1171.875000 	 88.012413 	 -74.452339 	
45 	 998.263855 	 101.817665 	 -75.900230 	
46 	 856.370239 	 116.987480 	 -77.019341 	
47 	 737.847229 	 134.180740 	 -78.033470 	
48 	 627.790161 	 155.737442 	 -79.050598 	
49 	 544.084778 	 178.069382 	 -79.706985 	
50 	 460.379456 	 207.761429 	 -80.434708 	
51 	 397.995270 	 237.973724 	 -80.973778 	
52 	 340.221771 	 275.552399 	 -81.481888 	
53 	 292.968750 	 316.611359 	 -81.666969 	
54 	 252.403839 	 364.262909 	 -82.043915 	
55 	 217.013885 	 419.772522 	 -82.369537 	
56 	 186.011902 	 485.175049 	 -82.645729 	
57 	 158.361496 	 564.320618 	 -82.893570 	
58 	 135.216339 	 654.496338 	 -83.088654 	
59 	 117.187500 	 748.640503 	 -83.242325 	
