IMPEDANCE MEASUREMENT 
11:03:24.436 AM 2026-10-09
Chamber temperature (K): 295.86
Chamber pressure (MPa): 2.06
Description: 	Default
Driving voltage (V): 0.01
Start freq (Hz): 1E+6
Stop freq (Hz): 1E+2
# freq steps: 60
Index #	Frequency (Hz)	Impedance (ohms)	Phase (degrees)
0 	 1000078.125000 	 19.943624 	 33.196426 	
1 	 857765.625000 	 19.115717 	 29.310431 	
2 	 735703.125000 	 18.463680 	 25.645693 	
3 	 630984.375000 	 17.956480 	 22.275263 	
4 	 541171.875000 	 17.564009 	 19.206066 	
5 	 464203.125000 	 17.271055 	 16.402552 	
6 	 398109.375000 	 17.048239 	 13.858677 	
7 	 341484.375000 	 16.880449 	 11.567808 	
8 	 292921.875000 	 16.764788 	 9.469198 	
9 	 251203.140625 	 16.680904 	 7.548691 	
10 	 215484.375000 	 16.625349 	 5.830876 	
11 	 184828.125000 	 16.590425 	 4.226259 	
12 	 158578.125000 	 16.579210 	 2.722360 	
13 	 135984.375000 	 16.580231 	 1.295127 	
14 	 116671.867187 	 16.604170 	 -0.102458 	
15 	 100078.125000 	 16.638287 	 -1.465581 	
16 	 85828.125000 	 16.687401 	 -2.820832 	
17 	 73640.625000 	 16.756248 	 -4.240130 	
18 	 63140.625000 	 16.846319 	 -5.689132 	
19 	 54140.625000 	 16.961493 	 -7.186929 	
20 	 46453.125000 	 17.094414 	 -8.800675 	
21 	 39890.625000 	 17.263792 	 -10.491366 	
22 	 34171.875000 	 17.475561 	 -12.345951 	
23 	 29296.875000 	 17.727911 	 -14.358476 	
24 	 25171.875000 	 18.023653 	 -16.482214 	
25 	 21609.375000 	 18.385910 	 -18.826664 	
26 	 18515.625000 	 18.835098 	 -21.401257 	
27 	 15890.625000 	 19.363121 	 -24.157591 	
28 	 13640.625000 	 20.023140 	 -27.143316 	
29 	 11671.875000 	 20.843338 	 -30.418583 	
30 	 10078.125000 	 21.803427 	 -33.708561 	
31 	 8578.125000 	 23.092428 	 -37.487297 	
32 	 7359.375488 	 24.610863 	 -41.195969 	
33 	 6328.125000 	 26.453545 	 -44.919331 	
34 	 5376.838379 	 28.887691 	 -48.876499 	
35 	 4641.543945 	 31.612844 	 -52.188267 	
36 	 3984.374756 	 34.945847 	 -55.680862 	
37 	 3421.875000 	 38.901821 	 -58.923939 	
38 	 2953.125000 	 43.442055 	 -61.817928 	
39 	 2527.573486 	 49.101280 	 -64.633392 	
40 	 2159.926514 	 55.845501 	 -67.165878 	
41 	 1847.956665 	 63.770512 	 -69.438667 	
42 	 1577.524048 	 73.110748 	 -71.478424 	
43 	 1359.375000 	 83.378792 	 -73.116150 	
44 	 1171.875000 	 95.253342 	 -74.639969 	
45 	 998.263855 	 110.194427 	 -76.043503 	
46 	 856.370239 	 126.705086 	 -77.143173 	
47 	 737.847229 	 145.344269 	 -78.087517 	
48 	 627.790161 	 168.442398 	 -79.055069 	
49 	 544.084778 	 192.740112 	 -79.627350 	
50 	 460.379456 	 224.894287 	 -80.387833 	
51 	 397.995270 	 257.587830 	 -80.896751 	
52 	 340.221771 	 298.199219 	 -81.368988 	
53 	 292.968750 	 342.610474 	 -81.541153 	
54 	 252.403839 	 393.933624 	 -81.892525 	
55 	 217.013885 	 453.856354 	 -82.191544 	
56 	 186.011902 	 524.262268 	 -82.443665 	
57 	 158.361496 	 609.600037 	 -82.653809 	
58 	 135.216339 	 706.709290 	 -82.818382 	
59 	 117.187500 	 807.949097 	 -82.951416 	
