IMPEDANCE MEASUREMENT 
1:11:00.326 PM 2026-10-09
Chamber temperature (K): 295.97
Chamber pressure (MPa): 154.82
Description: 	Default
Driving voltage (V): 0.01
Start freq (Hz): 1E+6
Stop freq (Hz): 1E+2
# freq steps: 60
Index #	Frequency (Hz)	Impedance (ohms)	Phase (degrees)
0 	 1000078.125000 	 19.102098 	 34.790539 	
1 	 857765.625000 	 18.244514 	 30.815504 	
2 	 735703.125000 	 17.552753 	 27.075851 	
3 	 630984.375000 	 17.034302 	 23.585936 	
4 	 541171.875000 	 16.620420 	 20.374617 	
5 	 464203.125000 	 16.313389 	 17.452684 	
6 	 398109.375000 	 16.086143 	 14.794892 	
7 	 341484.375000 	 15.907650 	 12.377377 	
8 	 292921.875000 	 15.777785 	 10.190945 	
9 	 251203.140625 	 15.685920 	 8.190862 	
10 	 215484.375000 	 15.627899 	 6.391454 	
11 	 184828.125000 	 15.585420 	 4.703812 	
12 	 158578.125000 	 15.567030 	 3.162889 	
13 	 135984.375000 	 15.566172 	 1.661276 	
14 	 116671.867187 	 15.582417 	 0.219736 	
15 	 100078.125000 	 15.614891 	 -1.179238 	
16 	 85828.125000 	 15.663140 	 -2.564695 	
17 	 73640.625000 	 15.726780 	 -4.000122 	
18 	 63140.625000 	 15.812191 	 -5.460184 	
19 	 54140.625000 	 15.914671 	 -6.980715 	
20 	 46453.125000 	 16.042645 	 -8.594973 	
21 	 39890.625000 	 16.199781 	 -10.293975 	
22 	 34171.875000 	 16.396187 	 -12.160342 	
23 	 29296.875000 	 16.618170 	 -14.149001 	
24 	 25171.875000 	 16.896637 	 -16.286945 	
25 	 21609.375000 	 17.238792 	 -18.615095 	
26 	 18515.625000 	 17.646561 	 -21.180830 	
27 	 15890.625000 	 18.149324 	 -23.941118 	
28 	 13640.625000 	 18.754290 	 -26.917288 	
29 	 11671.875000 	 19.515394 	 -30.184248 	
30 	 10078.125000 	 20.404587 	 -33.456844 	
31 	 8578.125000 	 21.601845 	 -37.195805 	
32 	 7359.375488 	 23.017420 	 -40.902519 	
33 	 6328.125000 	 24.722582 	 -44.584351 	
34 	 5376.838379 	 26.983364 	 -48.538704 	
35 	 4641.543945 	 29.497097 	 -51.962624 	
36 	 3984.374756 	 32.559254 	 -55.411690 	
37 	 3421.875000 	 36.225235 	 -58.658775 	
38 	 2953.125000 	 40.431282 	 -61.549084 	
39 	 2527.573486 	 45.678493 	 -64.412224 	
40 	 2159.926514 	 51.897984 	 -66.952484 	
41 	 1847.956665 	 59.180321 	 -69.200455 	
42 	 1577.524048 	 67.850510 	 -71.232460 	
43 	 1359.375000 	 77.340569 	 -72.951698 	
44 	 1171.875000 	 88.282051 	 -74.485245 	
45 	 998.263855 	 102.058327 	 -75.862549 	
46 	 856.370239 	 117.349831 	 -77.058449 	
47 	 737.847229 	 134.555603 	 -78.062592 	
48 	 627.790161 	 156.121490 	 -79.035667 	
49 	 544.084778 	 178.426971 	 -79.687340 	
50 	 460.379456 	 208.352417 	 -80.441864 	
51 	 397.995270 	 238.677628 	 -80.993935 	
52 	 340.221771 	 276.371338 	 -81.503799 	
53 	 292.968750 	 317.572449 	 -81.711342 	
54 	 252.403839 	 365.353485 	 -82.085579 	
55 	 217.013885 	 421.038391 	 -82.419617 	
56 	 186.011902 	 486.639343 	 -82.705780 	
57 	 158.361496 	 566.066406 	 -82.948792 	
58 	 135.216339 	 656.699036 	 -83.152664 	
59 	 117.187500 	 751.271545 	 -83.295761 	
