IMPEDANCE MEASUREMENT 
12:14:24.870 PM 2026-10-09
Chamber temperature (K): 295.92
Chamber pressure (MPa): 125.22
Description: 	Default
Driving voltage (V): 0.01
Start freq (Hz): 1E+6
Stop freq (Hz): 1E+2
# freq steps: 60
Index #	Frequency (Hz)	Impedance (ohms)	Phase (degrees)
0 	 1000078.125000 	 19.162502 	 34.764580 	
1 	 857765.625000 	 18.288366 	 30.752344 	
2 	 735703.125000 	 17.595461 	 27.004641 	
3 	 630984.375000 	 17.071747 	 23.485441 	
4 	 541171.875000 	 16.669930 	 20.279156 	
5 	 464203.125000 	 16.366163 	 17.368221 	
6 	 398109.375000 	 16.124969 	 14.721228 	
7 	 341484.375000 	 15.944934 	 12.286454 	
8 	 292921.875000 	 15.822598 	 10.107402 	
9 	 251203.140625 	 15.739724 	 8.118142 	
10 	 215484.375000 	 15.668638 	 6.306674 	
11 	 184828.125000 	 15.634822 	 4.598258 	
12 	 158578.125000 	 15.616885 	 3.043811 	
13 	 135984.375000 	 15.618872 	 1.528361 	
14 	 116671.867187 	 15.639677 	 0.108761 	
15 	 100078.125000 	 15.671096 	 -1.306712 	
16 	 85828.125000 	 15.720358 	 -2.719275 	
17 	 73640.625000 	 15.785944 	 -4.158351 	
18 	 63140.625000 	 15.874472 	 -5.653731 	
19 	 54140.625000 	 15.981426 	 -7.198578 	
20 	 46453.125000 	 16.116066 	 -8.831858 	
21 	 39890.625000 	 16.270041 	 -10.573405 	
22 	 34171.875000 	 16.472406 	 -12.450037 	
23 	 29296.875000 	 16.714685 	 -14.487928 	
24 	 25171.875000 	 17.002386 	 -16.672499 	
25 	 21609.375000 	 17.350784 	 -19.040522 	
26 	 18515.625000 	 17.780439 	 -21.635204 	
27 	 15890.625000 	 18.296976 	 -24.428547 	
28 	 13640.625000 	 18.927866 	 -27.454494 	
29 	 11671.875000 	 19.726887 	 -30.764099 	
30 	 10078.125000 	 20.640486 	 -34.069813 	
31 	 8578.125000 	 21.889532 	 -37.864849 	
32 	 7359.375488 	 23.362480 	 -41.580685 	
33 	 6328.125000 	 25.138443 	 -45.271854 	
34 	 5376.838379 	 27.485849 	 -49.191895 	
35 	 4641.543945 	 30.114117 	 -52.584717 	
36 	 3984.374756 	 33.304199 	 -56.032295 	
37 	 3421.875000 	 37.080845 	 -59.190498 	
38 	 2953.125000 	 41.425686 	 -62.077923 	
39 	 2527.573486 	 46.835686 	 -64.796211 	
40 	 2159.926514 	 53.299370 	 -67.355919 	
41 	 1847.956665 	 60.843510 	 -69.552376 	
42 	 1577.524048 	 69.740540 	 -71.528168 	
43 	 1359.375000 	 79.562935 	 -73.223457 	
44 	 1171.875000 	 90.834892 	 -74.684196 	
45 	 998.263855 	 105.005562 	 -76.040466 	
46 	 856.370239 	 120.804428 	 -77.227432 	
47 	 737.847229 	 138.509659 	 -78.177284 	
48 	 627.790161 	 160.597534 	 -79.026390 	
49 	 544.084778 	 183.822845 	 -79.669968 	
50 	 460.379456 	 214.457077 	 -80.428757 	
51 	 397.995270 	 245.637619 	 -80.944374 	
52 	 340.221771 	 284.381958 	 -81.427345 	
53 	 292.968750 	 326.701477 	 -81.592957 	
54 	 252.403839 	 375.731049 	 -81.954674 	
55 	 217.013885 	 432.893555 	 -82.253937 	
56 	 186.011902 	 500.142517 	 -82.517059 	
57 	 158.361496 	 581.584656 	 -82.752281 	
58 	 135.216339 	 674.323547 	 -82.915710 	
59 	 117.187500 	 771.044250 	 -83.050194 	
