IMPEDANCE MEASUREMENT 
12:13:30.695 PM 2026-10-09
Chamber temperature (K): 295.92
Chamber pressure (MPa): 124.24
Description: 	Default
Driving voltage (V): 0.01
Start freq (Hz): 1E+6
Stop freq (Hz): 1E+2
# freq steps: 60
Index #	Frequency (Hz)	Impedance (ohms)	Phase (degrees)
0 	 1000078.125000 	 19.147991 	 34.753532 	
1 	 857765.625000 	 18.277548 	 30.780455 	
2 	 735703.125000 	 17.601566 	 26.998039 	
3 	 630984.375000 	 17.067177 	 23.517914 	
4 	 541171.875000 	 16.655851 	 20.323492 	
5 	 464203.125000 	 16.353327 	 17.381237 	
6 	 398109.375000 	 16.118460 	 14.720746 	
7 	 341484.375000 	 15.951100 	 12.316440 	
8 	 292921.875000 	 15.824784 	 10.111660 	
9 	 251203.140625 	 15.724977 	 8.104157 	
10 	 215484.375000 	 15.666798 	 6.301627 	
11 	 184828.125000 	 15.633759 	 4.611711 	
12 	 158578.125000 	 15.615665 	 3.051230 	
13 	 135984.375000 	 15.617426 	 1.559573 	
14 	 116671.867187 	 15.633006 	 0.105839 	
15 	 100078.125000 	 15.668128 	 -1.307624 	
16 	 85828.125000 	 15.717810 	 -2.730730 	
17 	 73640.625000 	 15.782863 	 -4.158032 	
18 	 63140.625000 	 15.868090 	 -5.643782 	
19 	 54140.625000 	 15.972360 	 -7.203265 	
20 	 46453.125000 	 16.109877 	 -8.835011 	
21 	 39890.625000 	 16.271601 	 -10.569510 	
22 	 34171.875000 	 16.464626 	 -12.461505 	
23 	 29296.875000 	 16.712086 	 -14.484306 	
24 	 25171.875000 	 17.000183 	 -16.665764 	
25 	 21609.375000 	 17.346031 	 -19.037495 	
26 	 18515.625000 	 17.774702 	 -21.653700 	
27 	 15890.625000 	 18.292479 	 -24.461731 	
28 	 13640.625000 	 18.923763 	 -27.476345 	
29 	 11671.875000 	 19.723171 	 -30.781195 	
30 	 10078.125000 	 20.643906 	 -34.095722 	
31 	 8578.125000 	 21.888586 	 -37.873180 	
32 	 7359.375488 	 23.365177 	 -41.608303 	
33 	 6328.125000 	 25.136126 	 -45.281776 	
34 	 5376.838379 	 27.479259 	 -49.234417 	
35 	 4641.543945 	 30.094431 	 -52.589203 	
36 	 3984.374756 	 33.302288 	 -55.999176 	
37 	 3421.875000 	 37.105545 	 -59.164551 	
38 	 2953.125000 	 41.437057 	 -62.084461 	
39 	 2527.573486 	 46.856445 	 -64.833954 	
40 	 2159.926514 	 53.355438 	 -67.345200 	
41 	 1847.956665 	 60.848427 	 -69.613983 	
42 	 1577.524048 	 69.776253 	 -71.548409 	
43 	 1359.375000 	 79.614067 	 -73.242241 	
44 	 1171.875000 	 90.909889 	 -74.709648 	
45 	 998.263855 	 105.148064 	 -76.061935 	
46 	 856.370239 	 120.826752 	 -77.246605 	
47 	 737.847229 	 138.734573 	 -78.166573 	
48 	 627.790161 	 160.750687 	 -79.006714 	
49 	 544.084778 	 183.628998 	 -79.810242 	
50 	 460.379456 	 214.522263 	 -80.430077 	
51 	 397.995270 	 245.733002 	 -80.947891 	
52 	 340.221771 	 284.462128 	 -81.422020 	
53 	 292.968750 	 326.787262 	 -81.591805 	
54 	 252.403839 	 375.807037 	 -81.952736 	
55 	 217.013885 	 432.990082 	 -82.252205 	
56 	 186.011902 	 500.241516 	 -82.512161 	
57 	 158.361496 	 581.704712 	 -82.745346 	
58 	 135.216339 	 674.525085 	 -82.918068 	
59 	 117.187500 	 771.235291 	 -83.071259 	
