IMPEDANCE MEASUREMENT 
1:11:53.983 PM 2026-10-09
Chamber temperature (K): 295.97
Chamber pressure (MPa): 154.89
Description: 	Default
Driving voltage (V): 0.01
Start freq (Hz): 1E+6
Stop freq (Hz): 1E+2
# freq steps: 60
Index #	Frequency (Hz)	Impedance (ohms)	Phase (degrees)
0 	 1000078.125000 	 19.123030 	 34.843170 	
1 	 857765.625000 	 18.242586 	 30.841248 	
2 	 735703.125000 	 17.560558 	 27.092890 	
3 	 630984.375000 	 17.023285 	 23.594570 	
4 	 541171.875000 	 16.625803 	 20.361374 	
5 	 464203.125000 	 16.316164 	 17.449940 	
6 	 398109.375000 	 16.079140 	 14.767960 	
7 	 341484.375000 	 15.903522 	 12.366061 	
8 	 292921.875000 	 15.770273 	 10.189416 	
9 	 251203.140625 	 15.678536 	 8.209344 	
10 	 215484.375000 	 15.610413 	 6.400925 	
11 	 184828.125000 	 15.583211 	 4.696333 	
12 	 158578.125000 	 15.558392 	 3.165257 	
13 	 135984.375000 	 15.564830 	 1.652688 	
14 	 116671.867187 	 15.577582 	 0.227697 	
15 	 100078.125000 	 15.613509 	 -1.166113 	
16 	 85828.125000 	 15.660510 	 -2.567981 	
17 	 73640.625000 	 15.726406 	 -3.980598 	
18 	 63140.625000 	 15.803748 	 -5.459466 	
19 	 54140.625000 	 15.907711 	 -6.978885 	
20 	 46453.125000 	 16.037691 	 -8.590166 	
21 	 39890.625000 	 16.194563 	 -10.297877 	
22 	 34171.875000 	 16.384779 	 -12.154812 	
23 	 29296.875000 	 16.618248 	 -14.146516 	
24 	 25171.875000 	 16.893902 	 -16.287550 	
25 	 21609.375000 	 17.230682 	 -18.618031 	
26 	 18515.625000 	 17.647154 	 -21.180285 	
27 	 15890.625000 	 18.140274 	 -23.948324 	
28 	 13640.625000 	 18.750174 	 -26.923710 	
29 	 11671.875000 	 19.516550 	 -30.182808 	
30 	 10078.125000 	 20.403196 	 -33.450047 	
31 	 8578.125000 	 21.602776 	 -37.216255 	
32 	 7359.375488 	 23.018084 	 -40.908367 	
33 	 6328.125000 	 24.717979 	 -44.588154 	
34 	 5376.838379 	 26.981686 	 -48.551182 	
35 	 4641.543945 	 29.482979 	 -51.942822 	
36 	 3984.374756 	 32.571018 	 -55.417465 	
37 	 3421.875000 	 36.241825 	 -58.662857 	
38 	 2953.125000 	 40.441471 	 -61.533615 	
39 	 2527.573486 	 45.657776 	 -64.350555 	
40 	 2159.926514 	 51.902454 	 -66.908806 	
41 	 1847.956665 	 59.159130 	 -69.220245 	
42 	 1577.524048 	 67.859322 	 -71.256569 	
43 	 1359.375000 	 77.355850 	 -72.980934 	
44 	 1171.875000 	 88.308006 	 -74.461823 	
45 	 998.263855 	 102.066521 	 -75.883232 	
46 	 856.370239 	 117.296402 	 -77.029442 	
47 	 737.847229 	 134.610016 	 -78.065918 	
48 	 627.790161 	 156.142319 	 -78.997818 	
49 	 544.084778 	 178.396088 	 -79.727066 	
50 	 460.379456 	 208.354172 	 -80.446159 	
51 	 397.995270 	 238.676468 	 -80.993309 	
52 	 340.221771 	 276.387726 	 -81.503448 	
53 	 292.968750 	 317.576965 	 -81.706970 	
54 	 252.403839 	 365.343903 	 -82.094940 	
55 	 217.013885 	 421.030518 	 -82.419060 	
56 	 186.011902 	 486.634491 	 -82.706070 	
57 	 158.361496 	 566.050598 	 -82.955856 	
58 	 135.216339 	 656.663025 	 -83.158424 	
59 	 117.187500 	 751.098389 	 -83.298775 	
