IMPEDANCE MEASUREMENT 
12:42:39.550 PM 2026-10-09
Chamber temperature (K): 295.95
Chamber pressure (MPa): 176.13
Description: 	Default
Driving voltage (V): 0.01
Start freq (Hz): 1E+6
Stop freq (Hz): 1E+2
# freq steps: 60
Index #	Frequency (Hz)	Impedance (ohms)	Phase (degrees)
0 	 1000078.125000 	 19.046604 	 34.965260 	
1 	 857765.625000 	 18.178324 	 30.969311 	
2 	 735703.125000 	 17.484562 	 27.192204 	
3 	 630984.375000 	 16.960369 	 23.700127 	
4 	 541171.875000 	 16.541363 	 20.491623 	
5 	 464203.125000 	 16.238432 	 17.535297 	
6 	 398109.375000 	 15.997393 	 14.853921 	
7 	 341484.375000 	 15.825890 	 12.437036 	
8 	 292921.875000 	 15.696019 	 10.234483 	
9 	 251203.140625 	 15.602484 	 8.232821 	
10 	 215484.375000 	 15.535766 	 6.425692 	
11 	 184828.125000 	 15.497652 	 4.686022 	
12 	 158578.125000 	 15.489037 	 3.140414 	
13 	 135984.375000 	 15.485058 	 1.628682 	
14 	 116671.867187 	 15.506395 	 0.188987 	
15 	 100078.125000 	 15.537804 	 -1.215007 	
16 	 85828.125000 	 15.584259 	 -2.623758 	
17 	 73640.625000 	 15.650490 	 -4.058026 	
18 	 63140.625000 	 15.732033 	 -5.538720 	
19 	 54140.625000 	 15.837462 	 -7.089004 	
20 	 46453.125000 	 15.968816 	 -8.714927 	
21 	 39890.625000 	 16.126646 	 -10.432729 	
22 	 34171.875000 	 16.321039 	 -12.310965 	
23 	 29296.875000 	 16.556757 	 -14.331608 	
24 	 25171.875000 	 16.835770 	 -16.498291 	
25 	 21609.375000 	 17.172419 	 -18.841549 	
26 	 18515.625000 	 17.594307 	 -21.442692 	
27 	 15890.625000 	 18.093391 	 -24.217514 	
28 	 13640.625000 	 18.715984 	 -27.226280 	
29 	 11671.875000 	 19.493620 	 -30.510880 	
30 	 10078.125000 	 20.392002 	 -33.811581 	
31 	 8578.125000 	 21.610857 	 -37.578648 	
32 	 7359.375488 	 23.054541 	 -41.288834 	
33 	 6328.125000 	 24.792078 	 -44.985371 	
34 	 5376.838379 	 27.067511 	 -48.910969 	
35 	 4641.543945 	 29.617714 	 -52.363094 	
36 	 3984.374756 	 32.747562 	 -55.764629 	
37 	 3421.875000 	 36.461498 	 -58.984959 	
38 	 2953.125000 	 40.730804 	 -61.850231 	
39 	 2527.573486 	 46.009979 	 -64.635986 	
40 	 2159.926514 	 52.315144 	 -67.156921 	
41 	 1847.956665 	 59.668251 	 -69.427269 	
42 	 1577.524048 	 68.419724 	 -71.427711 	
43 	 1359.375000 	 78.002785 	 -73.143265 	
44 	 1171.875000 	 89.132637 	 -74.567276 	
45 	 998.263855 	 103.027809 	 -76.051598 	
46 	 856.370239 	 118.528511 	 -77.204865 	
47 	 737.847229 	 135.799469 	 -78.136429 	
48 	 627.790161 	 157.704697 	 -79.086777 	
49 	 544.084778 	 180.181488 	 -79.752930 	
50 	 460.379456 	 210.347748 	 -80.477470 	
51 	 397.995270 	 240.953583 	 -81.007904 	
52 	 340.221771 	 279.028748 	 -81.504715 	
53 	 292.968750 	 320.634827 	 -81.698242 	
54 	 252.403839 	 368.819702 	 -82.068008 	
55 	 217.013885 	 425.041473 	 -82.381897 	
56 	 186.011902 	 491.264404 	 -82.650772 	
57 	 158.361496 	 571.355103 	 -82.889938 	
58 	 135.216339 	 662.832092 	 -83.072281 	
59 	 117.187500 	 757.936035 	 -83.224640 	
