IMPEDANCE MEASUREMENT 
12:55:26.267 PM 2026-10-09
Chamber temperature (K): 295.97
Chamber pressure (MPa): 199.85
Description: 	Default
Driving voltage (V): 0.01
Start freq (Hz): 1E+6
Stop freq (Hz): 1E+2
# freq steps: 60
Index #	Frequency (Hz)	Impedance (ohms)	Phase (degrees)
0 	 1000078.125000 	 19.025970 	 35.035595 	
1 	 857765.625000 	 18.147787 	 31.030399 	
2 	 735703.125000 	 17.457783 	 27.269991 	
3 	 630984.375000 	 16.933784 	 23.763876 	
4 	 541171.875000 	 16.524847 	 20.514818 	
5 	 464203.125000 	 16.212538 	 17.584528 	
6 	 398109.375000 	 15.976888 	 14.902592 	
7 	 341484.375000 	 15.797525 	 12.484118 	
8 	 292921.875000 	 15.662198 	 10.264695 	
9 	 251203.140625 	 15.579729 	 8.282649 	
10 	 215484.375000 	 15.508495 	 6.456214 	
11 	 184828.125000 	 15.480592 	 4.768828 	
12 	 158578.125000 	 15.459162 	 3.179428 	
13 	 135984.375000 	 15.453444 	 1.699018 	
14 	 116671.867187 	 15.474110 	 0.238804 	
15 	 100078.125000 	 15.505710 	 -1.168534 	
16 	 85828.125000 	 15.553269 	 -2.566182 	
17 	 73640.625000 	 15.615485 	 -4.001690 	
18 	 63140.625000 	 15.697673 	 -5.479840 	
19 	 54140.625000 	 15.800833 	 -7.008037 	
20 	 46453.125000 	 15.931231 	 -8.627128 	
21 	 39890.625000 	 16.083141 	 -10.338594 	
22 	 34171.875000 	 16.276850 	 -12.199109 	
23 	 29296.875000 	 16.510866 	 -14.197357 	
24 	 25171.875000 	 16.786869 	 -16.354992 	
25 	 21609.375000 	 17.120193 	 -18.695608 	
26 	 18515.625000 	 17.534735 	 -21.267174 	
27 	 15890.625000 	 18.032772 	 -24.045141 	
28 	 13640.625000 	 18.646364 	 -27.038525 	
29 	 11671.875000 	 19.406775 	 -30.307173 	
30 	 10078.125000 	 20.291159 	 -33.549377 	
31 	 8578.125000 	 21.492340 	 -37.345440 	
32 	 7359.375488 	 22.908733 	 -41.027191 	
33 	 6328.125000 	 24.618778 	 -44.709854 	
34 	 5376.838379 	 26.870222 	 -48.663559 	
35 	 4641.543945 	 29.383518 	 -52.066586 	
36 	 3984.374756 	 32.448811 	 -55.521427 	
37 	 3421.875000 	 36.116562 	 -58.741913 	
38 	 2953.125000 	 40.314980 	 -61.630173 	
39 	 2527.573486 	 45.527622 	 -64.437332 	
40 	 2159.926514 	 51.743740 	 -66.974258 	
41 	 1847.956665 	 59.040043 	 -69.248657 	
42 	 1577.524048 	 67.670914 	 -71.272583 	
43 	 1359.375000 	 77.108498 	 -72.952644 	
44 	 1171.875000 	 87.976814 	 -74.499443 	
45 	 998.263855 	 101.723755 	 -75.902496 	
46 	 856.370239 	 117.051010 	 -77.096016 	
47 	 737.847229 	 134.188034 	 -77.989723 	
48 	 627.790161 	 155.758621 	 -79.023994 	
49 	 544.084778 	 178.034821 	 -79.739723 	
50 	 460.379456 	 207.809052 	 -80.429565 	
51 	 397.995270 	 238.039780 	 -80.968163 	
52 	 340.221771 	 275.625916 	 -81.473709 	
53 	 292.968750 	 316.697052 	 -81.669456 	
54 	 252.403839 	 364.314056 	 -82.042000 	
55 	 217.013885 	 419.860474 	 -82.367516 	
56 	 186.011902 	 485.207520 	 -82.653496 	
57 	 158.361496 	 564.365112 	 -82.888527 	
58 	 135.216339 	 654.617432 	 -83.084305 	
59 	 117.187500 	 748.764343 	 -83.233383 	
