IMPEDANCE MEASUREMENT 
2:13:18.946 PM 2026-10-09
Chamber temperature (K): 295.96
Chamber pressure (MPa): 51.13
Description: 	Default
Driving voltage (V): 0.01
Start freq (Hz): 1E+6
Stop freq (Hz): 1E+2
# freq steps: 60
Index #	Frequency (Hz)	Impedance (ohms)	Phase (degrees)
0 	 1000078.125000 	 19.526402 	 33.980400 	
1 	 857765.625000 	 18.668095 	 30.060579 	
2 	 735703.125000 	 17.997564 	 26.361908 	
3 	 630984.375000 	 17.483583 	 22.933088 	
4 	 541171.875000 	 17.088923 	 19.795238 	
5 	 464203.125000 	 16.782650 	 16.908573 	
6 	 398109.375000 	 16.554066 	 14.311416 	
7 	 341484.375000 	 16.382706 	 11.970174 	
8 	 292921.875000 	 16.258705 	 9.843598 	
9 	 251203.140625 	 16.175373 	 7.908201 	
10 	 215484.375000 	 16.104464 	 6.140725 	
11 	 184828.125000 	 16.080799 	 4.488549 	
12 	 158578.125000 	 16.061583 	 2.971067 	
13 	 135984.375000 	 16.064695 	 1.511005 	
14 	 116671.867187 	 16.080029 	 0.114111 	
15 	 100078.125000 	 16.116011 	 -1.236088 	
16 	 85828.125000 	 16.161686 	 -2.622593 	
17 	 73640.625000 	 16.225231 	 -4.006793 	
18 	 63140.625000 	 16.312603 	 -5.453901 	
19 	 54140.625000 	 16.416367 	 -6.957765 	
20 	 46453.125000 	 16.549908 	 -8.532014 	
21 	 39890.625000 	 16.707268 	 -10.224916 	
22 	 34171.875000 	 16.908112 	 -12.053306 	
23 	 29296.875000 	 17.140192 	 -14.017789 	
24 	 25171.875000 	 17.426077 	 -16.114758 	
25 	 21609.375000 	 17.765329 	 -18.434528 	
26 	 18515.625000 	 18.188072 	 -20.968372 	
27 	 15890.625000 	 18.690004 	 -23.690598 	
28 	 13640.625000 	 19.307789 	 -26.641069 	
29 	 11671.875000 	 20.081564 	 -29.878761 	
30 	 10078.125000 	 20.978279 	 -33.110062 	
31 	 8578.125000 	 22.181637 	 -36.850899 	
32 	 7359.375488 	 23.614620 	 -40.514996 	
33 	 6328.125000 	 25.340260 	 -44.212959 	
34 	 5376.838379 	 27.624922 	 -48.151115 	
35 	 4641.543945 	 30.164013 	 -51.573864 	
36 	 3984.374756 	 33.272564 	 -55.035683 	
37 	 3421.875000 	 37.000446 	 -58.311081 	
38 	 2953.125000 	 41.263474 	 -61.261547 	
39 	 2527.573486 	 46.573147 	 -64.081612 	
40 	 2159.926514 	 52.921143 	 -66.690002 	
41 	 1847.956665 	 60.364956 	 -68.980934 	
42 	 1577.524048 	 69.123779 	 -71.070038 	
43 	 1359.375000 	 78.768486 	 -72.775169 	
44 	 1171.875000 	 89.988983 	 -74.281715 	
45 	 998.263855 	 104.066879 	 -75.674133 	
46 	 856.370239 	 119.633652 	 -76.951347 	
47 	 737.847229 	 136.868607 	 -77.859451 	
48 	 627.790161 	 158.979828 	 -78.812225 	
49 	 544.084778 	 181.585342 	 -79.543404 	
50 	 460.379456 	 212.010727 	 -80.305031 	
51 	 397.995270 	 242.819595 	 -80.853485 	
52 	 340.221771 	 281.107361 	 -81.362534 	
53 	 292.968750 	 323.076813 	 -81.571274 	
54 	 252.403839 	 371.512085 	 -81.955605 	
55 	 217.013885 	 428.032257 	 -82.280380 	
56 	 186.011902 	 494.642365 	 -82.573601 	
57 	 158.361496 	 575.296631 	 -82.817154 	
58 	 135.216339 	 667.205627 	 -83.017914 	
59 	 117.187500 	 763.084473 	 -83.170441 	
