IMPEDANCE MEASUREMENT 
12:29:54.364 PM 2026-10-09
Chamber temperature (K): 295.94
Chamber pressure (MPa): 151.79
Description: 	Default
Driving voltage (V): 0.01
Start freq (Hz): 1E+6
Stop freq (Hz): 1E+2
# freq steps: 60
Index #	Frequency (Hz)	Impedance (ohms)	Phase (degrees)
0 	 1000078.125000 	 19.083845 	 34.879009 	
1 	 857765.625000 	 18.220926 	 30.889774 	
2 	 735703.125000 	 17.536934 	 27.136047 	
3 	 630984.375000 	 17.001486 	 23.630621 	
4 	 541171.875000 	 16.600302 	 20.385731 	
5 	 464203.125000 	 16.288858 	 17.485922 	
6 	 398109.375000 	 16.055258 	 14.779178 	
7 	 341484.375000 	 15.885115 	 12.374052 	
8 	 292921.875000 	 15.755715 	 10.176032 	
9 	 251203.140625 	 15.654679 	 8.187035 	
10 	 215484.375000 	 15.597430 	 6.362406 	
11 	 184828.125000 	 15.561723 	 4.666095 	
12 	 158578.125000 	 15.545644 	 3.115723 	
13 	 135984.375000 	 15.551311 	 1.588649 	
14 	 116671.867187 	 15.567257 	 0.163061 	
15 	 100078.125000 	 15.597614 	 -1.244434 	
16 	 85828.125000 	 15.646207 	 -2.666778 	
17 	 73640.625000 	 15.708183 	 -4.110472 	
18 	 63140.625000 	 15.794121 	 -5.592679 	
19 	 54140.625000 	 15.900019 	 -7.142016 	
20 	 46453.125000 	 16.029648 	 -8.787209 	
21 	 39890.625000 	 16.194040 	 -10.500751 	
22 	 34171.875000 	 16.390005 	 -12.377773 	
23 	 29296.875000 	 16.628204 	 -14.427038 	
24 	 25171.875000 	 16.910585 	 -16.577713 	
25 	 21609.375000 	 17.252453 	 -18.932608 	
26 	 18515.625000 	 17.677687 	 -21.544239 	
27 	 15890.625000 	 18.194170 	 -24.318913 	
28 	 13640.625000 	 18.813414 	 -27.354309 	
29 	 11671.875000 	 19.599585 	 -30.653351 	
30 	 10078.125000 	 20.508413 	 -33.948364 	
31 	 8578.125000 	 21.744236 	 -37.729446 	
32 	 7359.375488 	 23.197416 	 -41.443474 	
33 	 6328.125000 	 24.954294 	 -45.122341 	
34 	 5376.838379 	 27.264961 	 -49.096649 	
35 	 4641.543945 	 29.852995 	 -52.476025 	
36 	 3984.374756 	 32.998707 	 -55.882767 	
37 	 3421.875000 	 36.781017 	 -59.102448 	
38 	 2953.125000 	 41.037941 	 -61.978081 	
39 	 2527.573486 	 46.405170 	 -64.763817 	
40 	 2159.926514 	 52.761059 	 -67.298332 	
41 	 1847.956665 	 60.247627 	 -69.477646 	
42 	 1577.524048 	 69.070229 	 -71.518852 	
43 	 1359.375000 	 78.747406 	 -73.215195 	
44 	 1171.875000 	 89.925293 	 -74.658852 	
45 	 998.263855 	 103.881058 	 -76.099052 	
46 	 856.370239 	 119.677544 	 -77.211105 	
47 	 737.847229 	 137.164932 	 -78.184128 	
48 	 627.790161 	 159.217667 	 -79.103271 	
49 	 544.084778 	 182.051605 	 -79.813789 	
50 	 460.379456 	 212.454102 	 -80.508461 	
51 	 397.995270 	 243.368515 	 -81.036301 	
52 	 340.221771 	 281.813751 	 -81.527962 	
53 	 292.968750 	 323.802490 	 -81.707649 	
54 	 252.403839 	 372.493500 	 -82.075966 	
55 	 217.013885 	 429.253143 	 -82.390236 	
56 	 186.011902 	 496.148773 	 -82.666115 	
57 	 158.361496 	 577.061157 	 -82.903458 	
58 	 135.216339 	 669.408325 	 -83.088493 	
59 	 117.187500 	 765.617554 	 -83.218971 	
