IMPEDANCE MEASUREMENT 
11:16:37.648 AM 2026-10-09
Chamber temperature (K): 295.86
Chamber pressure (MPa): 24.87
Description: 	Default
Driving voltage (V): 0.01
Start freq (Hz): 1E+6
Stop freq (Hz): 1E+2
# freq steps: 60
Index #	Frequency (Hz)	Impedance (ohms)	Phase (degrees)
0 	 1000078.125000 	 19.706861 	 33.693089 	
1 	 857765.625000 	 18.861170 	 29.748934 	
2 	 735703.125000 	 18.186491 	 26.071499 	
3 	 630984.375000 	 17.685829 	 22.670099 	
4 	 541171.875000 	 17.291872 	 19.512735 	
5 	 464203.125000 	 16.993193 	 16.677622 	
6 	 398109.375000 	 16.766483 	 14.108345 	
7 	 341484.375000 	 16.602911 	 11.780253 	
8 	 292921.875000 	 16.472353 	 9.659734 	
9 	 251203.140625 	 16.386946 	 7.710183 	
10 	 215484.375000 	 16.340658 	 5.968335 	
11 	 184828.125000 	 16.306385 	 4.345643 	
12 	 158578.125000 	 16.289709 	 2.794971 	
13 	 135984.375000 	 16.292559 	 1.332109 	
14 	 116671.867187 	 16.310083 	 -0.043500 	
15 	 100078.125000 	 16.343855 	 -1.432895 	
16 	 85828.125000 	 16.396940 	 -2.827549 	
17 	 73640.625000 	 16.467300 	 -4.239838 	
18 	 63140.625000 	 16.555155 	 -5.706907 	
19 	 54140.625000 	 16.668169 	 -7.225872 	
20 	 46453.125000 	 16.802641 	 -8.832590 	
21 	 39890.625000 	 16.971182 	 -10.553250 	
22 	 34171.875000 	 17.176781 	 -12.423922 	
23 	 29296.875000 	 17.425087 	 -14.434605 	
24 	 25171.875000 	 17.721781 	 -16.608120 	
25 	 21609.375000 	 18.082481 	 -18.950701 	
26 	 18515.625000 	 18.517994 	 -21.540522 	
27 	 15890.625000 	 19.058670 	 -24.332949 	
28 	 13640.625000 	 19.712458 	 -27.349266 	
29 	 11671.875000 	 20.528755 	 -30.641397 	
30 	 10078.125000 	 21.480314 	 -33.944370 	
31 	 8578.125000 	 22.765614 	 -37.734863 	
32 	 7359.375488 	 24.284111 	 -41.457352 	
33 	 6328.125000 	 26.117706 	 -45.167198 	
34 	 5376.838379 	 28.547676 	 -49.125427 	
35 	 4641.543945 	 31.248875 	 -52.440239 	
36 	 3984.374756 	 34.556274 	 -55.871067 	
37 	 3421.875000 	 38.505394 	 -59.098343 	
38 	 2953.125000 	 43.007107 	 -61.976181 	
39 	 2527.573486 	 48.613888 	 -64.810425 	
40 	 2159.926514 	 55.316616 	 -67.339584 	
41 	 1847.956665 	 63.159184 	 -69.574791 	
42 	 1577.524048 	 72.469810 	 -71.623566 	
43 	 1359.375000 	 82.613358 	 -73.294067 	
44 	 1171.875000 	 94.411797 	 -74.707443 	
45 	 998.263855 	 109.128471 	 -76.065331 	
46 	 856.370239 	 125.576828 	 -77.221687 	
47 	 737.847229 	 144.255127 	 -78.131279 	
48 	 627.790161 	 167.220764 	 -78.969116 	
49 	 544.084778 	 190.968948 	 -79.766792 	
50 	 460.379456 	 222.960220 	 -80.408028 	
51 	 397.995270 	 255.388687 	 -80.920418 	
52 	 340.221771 	 295.639252 	 -81.382301 	
53 	 292.968750 	 339.674194 	 -81.548447 	
54 	 252.403839 	 390.570435 	 -81.891106 	
55 	 217.013885 	 449.920349 	 -82.187103 	
56 	 186.011902 	 519.771423 	 -82.434097 	
57 	 158.361496 	 604.319763 	 -82.653610 	
58 	 135.216339 	 700.578735 	 -82.814491 	
59 	 117.187500 	 800.981384 	 -82.918053 	
