IMPEDANCE MEASUREMENT 
11:02:30.372 AM 2026-10-09
Chamber temperature (K): 295.86
Chamber pressure (MPa): 2.56
Description: 	Default
Driving voltage (V): 0.01
Start freq (Hz): 1E+6
Stop freq (Hz): 1E+2
# freq steps: 60
Index #	Frequency (Hz)	Impedance (ohms)	Phase (degrees)
0 	 1000078.125000 	 19.957216 	 33.203575 	
1 	 857765.625000 	 19.124466 	 29.291056 	
2 	 735703.125000 	 18.463278 	 25.657839 	
3 	 630984.375000 	 17.956457 	 22.267544 	
4 	 541171.875000 	 17.568581 	 19.199938 	
5 	 464203.125000 	 17.271887 	 16.385666 	
6 	 398109.375000 	 17.047554 	 13.837470 	
7 	 341484.375000 	 16.879892 	 11.553581 	
8 	 292921.875000 	 16.767073 	 9.467897 	
9 	 251203.140625 	 16.681787 	 7.562956 	
10 	 215484.375000 	 16.627867 	 5.835088 	
11 	 184828.125000 	 16.586298 	 4.215986 	
12 	 158578.125000 	 16.572924 	 2.720566 	
13 	 135984.375000 	 16.579323 	 1.279843 	
14 	 116671.867187 	 16.600119 	 -0.137905 	
15 	 100078.125000 	 16.639681 	 -1.460317 	
16 	 85828.125000 	 16.686630 	 -2.842157 	
17 	 73640.625000 	 16.755505 	 -4.228045 	
18 	 63140.625000 	 16.847696 	 -5.686928 	
19 	 54140.625000 	 16.959312 	 -7.200315 	
20 	 46453.125000 	 17.097576 	 -8.795671 	
21 	 39890.625000 	 17.264490 	 -10.498185 	
22 	 34171.875000 	 17.472933 	 -12.366512 	
23 	 29296.875000 	 17.727524 	 -14.356015 	
24 	 25171.875000 	 18.022066 	 -16.498966 	
25 	 21609.375000 	 18.382242 	 -18.821749 	
26 	 18515.625000 	 18.833708 	 -21.403088 	
27 	 15890.625000 	 19.363522 	 -24.176239 	
28 	 13640.625000 	 20.021681 	 -27.157133 	
29 	 11671.875000 	 20.846601 	 -30.436089 	
30 	 10078.125000 	 21.800545 	 -33.726620 	
31 	 8578.125000 	 23.097504 	 -37.498188 	
32 	 7359.375488 	 24.620653 	 -41.197044 	
33 	 6328.125000 	 26.459286 	 -44.910748 	
34 	 5376.838379 	 28.896532 	 -48.890511 	
35 	 4641.543945 	 31.618143 	 -52.206993 	
36 	 3984.374756 	 34.938572 	 -55.644741 	
37 	 3421.875000 	 38.898437 	 -58.937004 	
38 	 2953.125000 	 43.462116 	 -61.810314 	
39 	 2527.573486 	 49.116856 	 -64.661049 	
40 	 2159.926514 	 55.886658 	 -67.195747 	
41 	 1847.956665 	 63.734325 	 -69.442490 	
42 	 1577.524048 	 73.156006 	 -71.499474 	
43 	 1359.375000 	 83.399223 	 -73.176514 	
44 	 1171.875000 	 95.283699 	 -74.632095 	
45 	 998.263855 	 110.157112 	 -75.966125 	
46 	 856.370239 	 126.738571 	 -77.124535 	
47 	 737.847229 	 145.340881 	 -78.134552 	
48 	 627.790161 	 168.747406 	 -78.923500 	
49 	 544.084778 	 192.718063 	 -79.691139 	
50 	 460.379456 	 225.004288 	 -80.390251 	
51 	 397.995270 	 257.707092 	 -80.899826 	
52 	 340.221771 	 298.343689 	 -81.374786 	
53 	 292.968750 	 342.780396 	 -81.550049 	
54 	 252.403839 	 394.134583 	 -81.896194 	
55 	 217.013885 	 454.032074 	 -82.191681 	
56 	 186.011902 	 524.583679 	 -82.442734 	
57 	 158.361496 	 609.923645 	 -82.662117 	
58 	 135.216339 	 707.063232 	 -82.823898 	
59 	 117.187500 	 808.387390 	 -82.950592 	
